10001322
10002830
10006160
10009399
10009405
10010105
10010461
10011120
10011534
10013951
10013955
10014598
10014826
10014938
10016049
10016052
10016054
10017461
10017865
10018460
10019337
10023829
10025472
10025509
10027228
10028081
10028626
10028637
10028651
10028659
10028663
10028666
10028674
10030518
10031404
10031544
10031743
10032207
10033598
10034108
10036353
10036396
10036871
10036873
10036874
10036875
10037214
10037615
10040584
10040660
10044295
10044345
10044899
10046093
10046171
10046190
10046663
10046724
10046850
10049931
10049951
10049953
10049956
10049962
10050038
10050335
10050338
10050347
10050350
10050734
10051603
10051904
10052832
10055319
10055358
10060836
10060846
10062448
10063659
10063805
10065804
10065818
10066573
10067693
10068279
10068299
10070354
10070698
10070807
10072298
10072963
10074425
10074768
10074770
10074771
10075231
10076532
10076534
10077996
10080130
10081400
10082191
10083255
10083262
10083369
10086246
10088108
10089086
10089103
10089105
10092309
10092606
10094760
10097078
10097157
10097649
10097892
10098005
10098104
10098132
10100315
10101273
10102747
10104268
10106620
10107443
10107876
10108119
10109154
10110429
10110441
10110446
10110610
10113489
10113492
10113507
10115175
10116577
10119116
10121205
10122393
10123399
10123829
10124950
10126002
10126373
10128857
10129386
10129440
10130124
10130338
10130430
10130452
10131075
10131325
10131335
10132548
10133876
10134448
10136479
10136524
10136704
10136718
10136795
10136803
10136879
10136887
10139105
10141112
10141517
10145470
10147521
10147761
10148078
10148859
10149465
10150086
10151576
10151876
10152081
10152087
10152089
10152090
10152092
10153583
10154017
10154712
10155950
10157005
10157020
10157050
10157067
10157077
10157780
10158581
10158615
10158620
10158939
10163021
10165114
10165243
10169688
10171506
10171515
10171516
10171543
10172345
10172683
10173716
10174354
10175985
10176058
10176394
10179370
10182931
10183734
10183738
10184870
10188392
10188939
10190072
10192852
10193002
10193024
10194091
10197096
10197341
10197606
10198449
10200204
10203234
10203735
10203785
10203794
10203797
10203809
10203811
10203812
10203815
10205072
10205075
10205157
10205158
10206063
10206209
10213232
10213416
10213748
10215125
10215235
10216119
10216123
10216141
10216160
10216474
10218132
10218831
10223377
10224990
10225590
10226994
10228236
10228305
10228763
10229767
10229835
10230248
10232109
10232283
10232768
10233035
10233064
10233256
10235462
10235475
10235625
10236186
10236465
10236951
10237040
10238876
10239016
1143777
1291397
1373642
1397862
1459868
1479865
1564031
1574332
166149
1698492
1762366
1770914
1800344
1824707
1855433
1925146
1934361
1942120
1948845
1963318
2034576
2040199
2065898
2144768
2151069
2186341
2198945
2217520
2231369
2233772
2233815
2241626
2241838
2244707
2244806
2248604
2257999
2267490
2276226
2278232
2295259
2327213
2377337
2386151
2390848
2394569
2408938
2430995
2440351
2440815
2443161
2447176
2453130
2478709
2491556
2491646
2491899
2493488
2494616
2515325
2515912
2516172
2517101
2517104
2518373
2518618
2518922
2525446
2525732
2525845
2525984
2525985
2526014
2527524
2536698
2536699
2544456
2556384
2561002
2564949
2568825
2568861
2568959
2569811
2569821
2570483
2570714
2571962
2572192
2572210
2572212
2577936
2577939
2577943
2577944
2582437
2582961
2583150
2583153
2584040
2585401
2585476
2585816
2596101
2596485
2603585
2607027
2607283
2622763
2625333
2625448
2633349
2637603
2637604
2638013
2638693
2638742
2638745
2638817
2640483
2643328
2643476
2644454
2646655
2647336
2648877
2650782
2651199
2654019
2654525
2660355
2665153
2665159
2666800
2667181
2667635
2668652
2671164
2671306
2671843
2677650
2677797
2679199
2680057
2680974
2682655
2683943
2684635
2685028
2685920
2686646
2688028
2689209
2689362
2691152
2691409
2693620
2693664
2694675
2694932
2695008
2695154
2695621
2695858
2697279
2697314
2697316
2699543
2701679
2702101
2702753
2702837
2703198
2705682
2705698
2705699
2705703
2706325
2708178
2712682
2713415
2713432
2715420
2719810
2722906
2724104
2725302
2726156
2726440
2727699
2728538
2728774
2728908
2728909
2729391
2733194
2734077
2736621
2737115
2740827
2741605
2742600
2742668
2743772
2743811
2746321
2746806
2748718
2749857
2749859
2749930
2755747
2755755
2755766
2756584
2758676
2758682
2758685
2759373
2762377
2764349
2769546
2769551
2772079
2773169
2774401
2775905
2777261
2779097
2779101
2780828
2783440
2784027
2784679
2784680
2785432
2786303
2789405
2791035
2792194
2792373
2793371
2794541
2796169
2796911
2797630
2803260
2803733
2803734
2803737
2803739
2805429
2805678
2805712
2806405
2806575
2806943
2806951
2811531
2814559
2816174
2816724
2820380
2820701
2820702
2820708
2820709
2821928
2822636
2824708
2824977
2825260
2826186
2828549
2829029
2831710
2832000
2835514
2837089
2837380
2837745
2838472
2841518
2842434
2845803
2845808
2845814
2846311
2847024
2847915
2848564
2850391
2850579
2852508
2856674
2858659
2859810
2860504
2861147
2861476
2866566
2866664
2868299
2876035
2876036
2876881
2877098
2877799
2877905
2880249
2880591
2880799
2882823
2885301
2885494
2886055
2886909
2887372
2887490
2887505
2887789
2888245
2888585
2889713
2892946
2892997
2893009
2894587
2895886
2896477
2897842
2901016
2901017
2901020
2901385
2903191
2903486
2904054
2904211
2905416
2905610
2906202
2906373
2908128
2911396
2913324
2914583
2917438
2919410
2920311
2920865
2921150
2923156
2923563
2927239
2928271
2935390
2935969
2936906
2938977
2939655
2941042
2941677
2942897
2943904
2943931
2944647
2944669
2944687
2944888
2947427
2947936
2948427
2950159
2950744
2950843
2950859
2951846
2952336
2954161
2954174
2955413
2955419
2958830
2963756
2965424
2974635
2978238
2981419
2982745
2987510
2987555
2987816
2988799
2989943
2990457
2991198
2991239
2993660
2993720
2993928
2994755
2995581
2995885
2996169
2996172
2996271
2996305
2998523
2999982
3000328
3000383
3000565
3000572
3002291
3002396
3002933
3002936
3002948
3004040
3004867
3006341
3008748
3009475
3009480
3009948
3013131
3014110
3014651
3015134
3016621
3018423
3020489
3020586
3022587
3023086
3023761
3024830
3024844
3025155
3025354
3025660
3026336
3026801
3030769
3031025
3033899
3036976
3038262
3038939
3039157
3041005
3041008
3041013
3041245
3041266
3042380
3043072
3044150
3044729
3045376
3045438
3045463
3046624
3048219
3049247
3050687
3051178
3052308
3052361
3055867
3055886
3057942
3057969
3058001
3058137
3059627
3059883
3059884
3059891
3060701
3061355
3062100
3062602
3063163
3063183
3063350
3069547
3072382
3072511
3073934
3073936
3076433
3078751
3082218
3082537
3083509
3084768
3084809
3084867
3085178
3090571
3092986
3093410
3093621
3094760
3098368
3098858
3098861
3099099
3099639
3101377
3102186
3102242
3102667
3105023
3106353
3106359
3108559
3108983
3108989
3109774
3110306
3110429
3110727
3110822
3110881
3110973
3111445
3111446
3113799
3113809
3115646
3116731
3116735
3116739
3116801
3118477
3119789
3120660
3125248
3125527
3126799
3127678
3128082
3128701
3129969
3130379
3130679
3130765
3131384
3132672
3135869
3136489
3139835
3139954
3140479
3140495
3141010
3143719
3146521
3146523
3146896
3147157
3148238
3152719
3153793
3153808
3153829
3153845
3154329
3155705
3156997
3158432
3160301
3160552
3161094
3162568
3164011
3167376
3168792
3169575
3169601
3169658
3169662
3170540
3171065
3171072
3173374
3173383
3173490
3174167
3174219
3174221
3174243
3174393
3174812
3174823
3175755
3176281
3176323
3176913
3177045
3178476
3178514
3178646
3179593
3182200
3182403
3182441
3182987
3183226
3183829
3184092
3184148
3184226
3185013
3187762
3189203
3190188
3190201
3192037
3193908
3195690
3195691
3196491
3197628
3199544
3199888
3200327
3204998
3205481
3206030
3206847
3206875
3208209
3208641
3213017
3213127
3213530
3214046
3215229
3216541
3216611
3216937
3217668
3217963
3217964
3218006
3218372
3220187
3221036
3221044
3221051
3221284
3221399
3221473
3222860
3223201
3223398
3225607
3225902
3227508
3227856
3227861
3228257
3229557
3229979
3233901
3234082
3234284
3235124
3236212
3236543
3236756
3237491
3238543
3242169
3243642
3244442
3244758
3245287
3245630
3246471
3246487
3247873
3250055
3250074
3250458
3251569
3251574
3252302
3252366
3253091
3253105
3255994
3256221
3256261
3257237
3258233
3258667
3259619
3259620
3260530
3260843
3261378
3261379
3261380
3261381
3261661
3261851
3262818
3262831
3265182
3265767
3266503
3267031
3267982
3267983
3270121
3272002
3272038
3272045
3274744
3275550
3276498
3277269
3277937
3278319
3278387
3278451
3278706
3279707
3280164
3280249
3280262
3280525
3280593
3281094
3281860
3282379
3282646
3282900
3283587
3283894
3285156
3285161
3285192
3290657
3290768
3293149
3293150
3296742
3297085
3299676
3299768
3302835
3303838
3305595
3306575
3307374
3309293
3309492
3309501
3309518
3309546
3309555
3309557
3309938
3310813
3311825
3311835
3311856
3313067
3313548
3313953
3315004
3315027
3315099
3315677
3315678
3316621
3316876
3317669
3317931
3318001
3318226
3319663
3319907
3319974
3320628
3322116
3322129
3322487
3323585
3324153
3324571
3324921
3326258
3328485
3328778
3328780
3329794
3330757
3332056
3334814
3335782
3338067
3338463
3338535
3338761
3338776
3339027
3340941
3340943
3341391
3341523
3341600
3342103
3343054
3343293
3343764
3344823
3344851
3344852
3344896
3345356
3345361
3346725
3346965
3347624
3348167
3349303
3349642
3349667
3350069
3351439
3351675
3351800
3352092
3353266
3354331
3356348
3356373
3356714
3356872
3358266
3358316
3359281
3359800
3360699
3361017
3361057
3362560
3362743
3364220
3364282
3364481
3364962
3364974
3365275
3366349
3366978
3367930
3368430
3368848
3368882
3368921
3369918
3370998
3373207
3373504
3373527
3374414
3374771
3374792
3374831
3374941
3375616
3376727
3377654
3377684
3377932
3377965
3377967
3378082
3379986
3381220
3381445
3381625
3381722
3381866
3382122
3382568
3384221
3384227
3384234
3384259
3384263
3384885
3385211
3386250
3386961
3386977
3387157
3387168
3387206
3387209
3387247
3387383
3388057
3388891
3388894
3388989
3389385
3389387
3391196
3391678
3394200
3394436
3394801
3395033
3395705
3396380
3397932
3398390
3398766
3398869
3398877
3400031
3400659
3401202
3402136
3402450
3402516
3402538
3404024
3404037
3404394
3404546
3404976
3404989
3405281
3406317
3407127
3407245
3408470
3408496
3409150
3409185
3410370
3410607
3410629
3411427
3411703
3411722
3411785
3412736
3412995
3413947
3415309
3415822
3416700
3417167
3418273
3418609
3419705
3420406
3420547
3420802
3420898
3422225
3422286
3422311
3422320
3423412
3423424
3423441
3424055
3425477
3425483
3425545
3425580
3426015
3426465
3426773
3427333
3427359
3427542
3427876
3428632
3428803
3428804
3428809
3429427
3430553
3430653
3430664
3430694
3430867
3430931
3431303
3432050
3432060
3432259
3433729
3434213
3434448
3435327
3436657
3436669
3439483
3443237
3443433
3445573
3445610
3445793
3445813
3445868
3446246
3446736
3446867
3446947
3446994
3446998
3447818
3447931
3448611
3448656
3454382
3454420
3457973
3458074
3458812
3459004
3459703
3460812
3461575
3462752
3462766
3464044
3464709
3465779
3466188
3466207
3466236
3466249
3466291
3467207
3467966
3468599
3468957
3472215
3472892
3474291
3474750
3475363
3476392
3476449
3476497
3477078
3480429
3480469
3480647
3480648
3483466
3483569
3483622
3483694
3483777
3485285
3485317
3485371
3485541
3486688
3486857
3487850
3487908
3488412
3489813
3489817
3489835
3489883
3491764
3492014
3492182
3492266
3492343
3492494
3494684
3498108
3498279
3498281
3498331
3498728
3498892
3498928
3499449
3499497
3499736
3499771
3500241
3500298
3500461
3500464
3501481
3501969
3502445
3502466
3502472
3502502
3503984
3504042
3504046
3504079
3504100
3504931
3506032
3506436
3506550
3506600
3509118
3509121
3509229
3510181
3510214
3510234
3511309
3511386
3511451
3511796
3514098
3514181
3514543
3515559
3515589
3518874
3519473
3519773
3520927
3520962
3522585
3522615
3522643
3523259
3524457
3525089
3525956
3526643
3526771
3527271
3527454
3527573
3527607
3528678
3530565
3530578
3531302
3532364
3533380
3533499
3533692
3534243
3534624
3534686
3534702
3536745
3536813
3538283
3538769
3538957
3539162
3539725
3539852
3539860
3540048
3541073
3541381
3541494
3543360
3543395
3543455
3544253
3544280
3544542
3544832
3546005
3546317
3547007
3547013
3547329
3547946
3548516
3549493
3549497
3549920
3551820
3551848
3554651
3554657
3554878
3555187
3555868
3556569
3557158
3557415
3558499
3559478
3559645
3561664
3562167
3562487
3563087
3565186
3565188
3565817
3566164
3566529
3566585
3566602
3569450
3569458
3569607
3572402
3573002
3573064
3574050
3575057
3577673
3577822
3578351
3579187
3580145
3580272
3581438
3582543
3582635
3582997
3583464
3584052
3584295
3584911
3585713
3586479
3587882
3589380
3590175
3590224
3590243
3590274
3590451
3590462
3591253
3591410
3591747
3592871
3593578
3593579
3598707
3598753
3599917
3600174
3600601
3600659
3601087
3602016
3602090
3602458
3603861
3603994
3605341
3605370
3605411
3605412
3605420
3606142
3607151
3607590
3607607
3607793
3607831
3608539
3608908
3608942
3609767
3610017
3610191
3610836
3611598
3613595
3613753
3613798
3614508
3615341
3615342
3615350
3616056
3616250
3618448
3619111
3619143
3620175
3620530
3621736
3621760
3621767
3622132
3622693
3623818
3624952
3625914
3626071
3628360
3628854
3628926
3629025
3629065
3629389
3631111
3631241
3631252
3631704
3632493
3633936
3634812
3635018
3635020
3636085
3637309
3639273
3639275
3639895
3640008
3640070
3640293
3641096
3641135
3643713
3643717
3643910
3644676
3644936
3646257
3646913
3647055
3647144
3648477
3651087
3651210
3651960
3653128
3653828
3653868
3654214
3654219
3654351
3655173
3655213
3655325
3655975
3656087
3656341
3656906
3657140
3657626
3657709
3658698
3659193
3659278
3659304
3660406
3660659
3661538
3661541
3661727
3661949
3662123
3662879
3664070
3665895
3665907
3666968
3667190
3667546
3667577
3668141
3668156
3668437
3668994
3669057
3669058
3669206
3669919
3669923
3670866
3670926
3671570
3672100
3672681
3673458
3673465
3674317
3674478
3675382
3676955
3677092
3677130
3679112
3680473
3680711
3680713
3682176
3682439
3682993
3683017
3683048
3683287
3686683
3686711
3686858
3688578
3688582
3688684
3688879
3688936
3688940
3688993
3689257
3689649
3689691
3689735
3690782
3691215
3691443
3692033
3692444
3692468
3692521
3692538
3694983
3695040
3695563
3695981
3696086
3696724
3699486
3699561
3701149
3701233
3701324
3701580
3701866
3702497
3702998
3703342
3703406
3703531
3703724
3705175
3705201
3706424
3706444
3706617
3707078
3707182
3708127
3708629
3709002
3709103
3709912
3710996
3711903
3712893
3712920
3713434
3715518
3716645
3716940
3717012
3719031
3719379
3720617
3720669
3721022
3721127
3722240
3722356
3722959
3724923
3725398
3725474
3726528
3726865
3727078
3728072
3728237
3729599
3729696
3729701
3729837
3730055
3730190
3731242
3731671
3732240
3733636
3733897
3734141
3734350
3734351
3736548
3737471
3739917
3741276
3741391
3741555
3742334
3743067
3743130
3743215
3743825
3744007
3744058
3744508
3744521
3744823
3744869
3744921
3746454
3746996
3747049
3747082
3747149
3747156
3748110
3748321
3749113
3749202
3750036
3750260
3751506
3751515
3752438
3752460
3753572
3755273
3755324
3756065
3756280
3756304
3756987
3756996
3757296
3757311
3757324
3757718
3757732
3758284
3759008
3759470
3759791
3759853
3760799
3760921
3762365
3762736
3762815
3763193
3763921
3764021
3764398
3764478
3765269
3765321
3765748
3766991
3767892
3769261
3769296
3769349
3769358
3770681
3770910
3770922
3771919
3772006
3772311
3772553
3772880
3773673
3774636
3774999
3775006
3775427
3775540
3775752
3776137
3776400
3776736
3776771
3776934
3777218
3777537
3777673
3777674
3777677
3777679
3777684
3777707
3777717
3777755
3777758
3777762
3777763
3777779
3777780
3777783
3777786
3777787
3777795
3777837
3777846
3778247
3778250
3778258
3778267
3778747
3778887
3778976
3779167
3779225
3779812
3779866
3780305
3781163
3782473
3782696
3783387
3783488
3783899
3783945
3783983
3784399
3784827
3784977
3785474
3785501
3786224
3786613
3786886
3787080
3787329
3788100
3788340
3788350
3788711
3789213
3789290
3789941
3790692
3790724
3790776
3791276
3791281
3791283
3791285
3791288
3791293
3792116
3792358
3792552
3793969
3793982
3794035
3794190
3794379
3795327
3795450
3795660
3795710
3796073
3796455
3796712
3797465
3797815
3797966
3797968
3798761
3798923
3799008
3799631
3801154
3804471
3804629
3804906
3804907
3805688
3805951
3805980
3806228
3806767
3807048
3807502
3807605
3807715
3808277
3810472
3810651
3812565
3812906
3813625
3814428
3814952
3814956
3814958
3814972
3815016
3815020
3815022
3815348
3817078
3817088
3818016
3818244
3818257
3818430
3818535
3818578
3819597
3821038
3824077
3825180
3825257
3826561
3827214
3827248
3827466
3827623
3827625
3828212
3828508
3828542
3828614
3830058
3830066
3830070
3830782
3831091
3832369
3832610
3835560
3835584
3835888
3835900
3836186
3836272
3836281
3837007
3837187
3838345
3838991
3839000
3839092
3840299
3840614
3840899
3841757
3841982
3842312
3842522
3842844
3842956
3842969
3843677
3847124
3847547
3850238
3850907
3851159
3852233
3852523
3852757
3853351
3853419
3853794
3854293
3854708
3855765
3855767
3856851
3858318
3859570
3859658
3859902
3859978
3860139
3860184
3862268
3862473
3862486
3862626
3862719
3864104
3865029
3865223
3865285
3865425
3865430
3865769
3866129
3866135
3866656
3867342
3867357
3867665
3867969
3868173
3868176
3868580
3868704
3868915
3868991
3869649
3869680
3869681
3869687
3869791
3869981
3869982
3870310
3870791
3871292
3871293
3871382
3871398
3871502
3871655
3871732
3871967
3872043
3872298
3872307
3872730
3872732
3873295
3873630
3874541
3874542
3874599
3875519
3876977
3877095
3877116
3877131
3877773
3878376
3878596
3878719
3879265
3880067
3880326
3882214
3882241
3882720
3883687
3884128
3885571
3885617
3885666
3885678
3886996
3887023
3887056
3888372
3888377
3888393
3888397
3888398
3889700
3890270
3891445
3891492
3893168
3893192
3893263
3893296
3893393
3894920
3894973
3895027
3895203
3895245
3895617
3896435
3896776
3896871
3896989
3897506
3897613
3897659
3897742
3897871
3898596
3898881
3898887
3898910
3898929
3898942
3898984
3899022
3900399
3900530
3900765
3901661
3901679
3901730
3902357
3903437
3903774
3904110
3904847
3905188
3905217
3905223
3905226
3905239
3905352
3905356
3905967
3906048
3906535
3907682
3908296
3909015
3910081
3912127
3912430
3912435
3912518
3912519
3913597
3913699
3913830
3913831
3913832
3913833
3913912
3914330
3914861
3914938
3914963
3916321
3916334
3916770
3918649
3919788
3920071
3920770
3921228
3922109
3923138
3923150
3923398
3924553
3925163
3927073
3927227
3927705
3928194
3928251
3928548
3928999
3930099
3930113
3930118
3930859
3931746
3932086
3932519
3933564
3933703
3933715
3933811
3934307
3934489
3935255
3935386
3936190
3936467
3937009
3937393
3937548
3938536
3939401
3940958
3941039
3941612
3942170
3942310
3942635
3942878
3943846
3944404
3946345
3946483
3946492
3946624
3946684
3948047
3948367
3948491
3948722
3948885
3948954
3949114
3949688
3950074
3950546
3950584
3951306
3951327
3951481
3952353
3953714
3954845
3954882
3956459
3956762
3956891
3956940
3957194
3957420
3958357
3958452
3958698
3958773
3960024
3960105
3960161
3960214
3960306
3960334
3960496
3960510
3961291
3963376
3963848
3963974
3965432
3965474
3965537
3965837
3965851
3966870
3967532
3967534
3967536
3967541
3967629
3968146
3968149
3968753
3968764
3969295
3969367
3969513
3970014
3970015
3971169
3971502
3971940
3972453
3974864
3976406
3977422
3977621
3978287
3978331
3979724
3979738
3980106
3980797
3981713
3981758
3981800
3983486
3984093
3984441
3984443
3984445
3984446
3984447
3985424
3986373
3986553
3986941
3988374
3988837
3989203
3989764
3990587
3990690
3991323
3991654
3991848
3991864
3994419
3995019
3995740
3995962
3996314
3997016
3997349
3997418
3997501
3997658
3999100
4000241
4001002
4001047
4001872
4005061
4005735
4005771
4005943
4006067
4006821
4007017
4007379
4008499
4008581
4009445
4010762
4010772
4010785
4010969
4011948
4012282
4012954
4014092
4014105
4014180
4014181
4014569
4016018
4016310
4017150
4017157
4017227
4018287
4018348
4018353
4018444
4018550
4018561
4019508
4019522
4019529
4019564
4019881
4020302
4021128
4022515
4022739
4023014
4023019
4023069
4024009
4024664
4026540
4026698
4028263
4029006
4029020
4029023
4029073
4029608
4030253
4031192
4032577
4032890
4032993
4033133
4033195
4033231
4033270
4033845
4034329
4034409
4034704
4035571
4035602
4035756
4039011
4040507
4040936
4041563
4042095
4042120
4042186
4043527
4044900
4046318
4047091
4047618
4047966
4048154
4048172
4049811
4050105
4050412
4050738
4051196
4051855
4051893
4052338
4052629
4053214
4053467
4053633
4053643
4053655
4054964
4055001
4055190
4055191
4055615
4055734
4055864
4055901
4057077
4057630
4058120
4058449
4058899
4059715
4059922
4061049
4061064
4061244
4061265
4061583
4061791
4061811
4061874
4061884
4062281
4062465
4062532
4063192
4063238
4064667
4065728
4066186
4067566
4067729
4067954
4067999
4072601
4072722
4073651
4074044
4074702
4075334
4075342
4075343
4076184
4076213
4076230
4076331
4077017
4077566
4078911
4080316
4080327
4081974
4082872
4083222
4083828
4085720
4086026
4086202
4086203
4086365
4086366
4090469
4096999
4097354
4098021
4098114
4100370
4101486
4102486
4103082
4104335
4104703
4104834
4105563
4106847
4106848
4107001
4107370
4107372
4107373
4107374
4107379
4107490
4107849
4107942
4108032
4108033
4108049
4109700
4109933
4110030
4110351
4112914
4112936
4113975
4114183
4114184
4114426
4115625
4116759
4116785
4117463
4117506
4117995
4121088
4121089
4121234
4121321
4121543
4122173
4122182
4123676
4123716
4124462
4124704
4125626
4126375
4126687
4128035
4128219
4128667
4128702
4131189
4131516
4131867
4131876
4131910
4132266
4132267
4132375
4132649
4133376
4134311
4138937
4139362
4139375
4139958
4141284
4141362
4141721
4141974
4141977
4141982
4141983
4143363
4143558
4144204
4144342
4144423
4144959
4145551
4145656
4146466
4146554
4147248
4148258
4148329
4148432
4149038
4149208
4150124
4150492
4151069
4151344
4152243
4152267
4153045
4153588
4153805
4153806
4153812
4154688
4154717
4154855
4154887
4156327
4157542
4157554
4157843
4159987
4159995
4160172
4160225
4160952
4160997
4161045
4163030
4163434
4163468
4165215
4165760
4165900
4166523
4169531
4172871
4174036
4174517
4174767
4174863
4175071
4175221
4175730
4176032
4176038
4176722
4178249
4178298
4179708
4179761
4179768
4182029
4182437
4182721
4182760
4182761
4183380
4183518
4183523
4184378
4184667
4184784
4184794
4184873
4186286
4186480
4186833
4189331
4189334
4190580
4190683
4192134
4193252
4193824
4194003
4195286
4195718
4196473
4197643
4197644
4197651
4199268
4199283
4200220
4202773
4203001
4203679
4203817
4204386
4204461
4205092
4206294
4207733
4208702
4209722
4210250
4210608
4211386
4211402
4212108
4212807
4214356
4214743
4215386
4215396
4215400
4215460
4215464
4215465
4215471
4215519
4215524
4215530
4215904
4216410
4216411
4216414
4216415
4217331
4218933
4218934
4218937
4218982
4218999
4219727
4220120
4221218
4221616
4222328
4222862
4222943
4224090
4224410
4224976
4226146
4226165
4227571
4227573
4228502
4228837
4229230
4229501
4230164
4232255
4232597
4234378
4236070
4236252
4236576
4237131
4237381
4237877
4238753
4239791
4240043
4240192
4242705
4243442
4245721
4246923
4247279
4247966
4248329
4249480
4249829
4250191
4251320
4252086
4253669
4255056
4255491
4255751
4256062
4256300
4256921
4257732
4259281
4260673
4260677
4260866
4261631
4262264
4263085
4263140
4263234
4263529
4263533
4264752
4264953
4265283
4265725
4266023
4266288
4266292
4266850
4267277
4267782
4270260
4270311
4270393
4271330
4271514
4271605
4272298
4272798
4273608
4273625
4274095
4274659
4274875
4274877
4275572
4275938
4276016
4277286
4280551
4281542
4281879
4282104
4282196
4282459
4283546
4285096
4285193
4288053
4288239
4289457
4292587
4295262
4297262
4297883
4297885
4299407
4299532
4299788
4299805
4299951
4299952
4299957
4299959
4299973
4300003
4300004
4300017
4300211
4300906
4300908
4301016
4301658
4301911
4303944
4304709
4306101
4306224
4306292
4306523
4306597
4307824
4308069
4309641
4309880
4309950
4310929
4311618
4311758
4312831
4312897
4312977
4314629
4315095
4316185
4316608
4316698
4316702
4316716
4317194
4318272
4318429
4318496
4318980
4319399
4319851
4320085
4321632
4321660
4321681
4322572
4322727
4323861
4324073
4324146
4324356
4324766
4324963
4324997
4325087
4325335
4325923
4326918
4327308
4327739
4330549
4330550
4330553
4331395
4332281
4332285
4332461
4332494
4332542
4333285
4333775
4333796
4333804
4333811
4333903
4334653
4334666
4334979
4335563
4336557
4336919
4337114
4338545
4338815
4339752
4340165
4340964
4341570
4345335
4346715
4347451
4348517
4349084
4349185
4349631
4349632
4350090
4350291
4350402
4350403
4350407
4350513
4351830
4352055
4352074
4352081
4353194
4353252
4353560
4354279
4354285
4354310
4354350
4354361
4354903
4355726
4356847
4356951
4358418
4358847
4359126
4359616
4360214
4360235
4361316
4361479
4361644
4362216
4362304
4362313
4362406
4364116
4364721
4365689
4366046
4366107
4366233
4368038
4368728
4368815
4369126
4369640
4370397
4370557
4370559
4370584
4370729
4372006
4372361
4372545
4373272
4373917
4374450
4374765
4375638
4375642
4375647
4375648
4375735
4375788
4376120
4376798
4377493
4377636
4378329
4379694
4379901
4379998
4379999
4380440
4380441
4381413
4382171
4382192
4382275
4382975
4383593
4383651
4386762
4389056
4389358
4389668
4389832
4390282
4390406
4392699
4393019
4393246
4395158
4395363
4396351
4396516
4396619
4397013
4397440
4397920
4398371
4399775
4401664
4401774
4402020
4402026
4402596
4403548
4404144
4404831
4404908
4405045
4405615
4406072
4406091
4407191
4407577
4407847
4408014
4408360
4410787
4410788
4410789
4410791
4410794
4411074
4413819
4414585
4414648
4415908
4416052
4416282
4416798
4417231
4418763
4418835
4420500
4420744
4420931
4422438
4422440
4422645
4422669
4423152
4423353
4423934
4425548
4426728
4427352
4427863
4428126
4428138
4429366
4429588
4430209
4430458
4430522
4431729
4431742
4431841
4432080
4432954
4433098
4433670
4434907
4436102
4436141
4436177
4437670
4438540
4438550
4438592
4440210
4440350
4440648
4441258
4441424
4441475
4441499
4441506
4443021
4444480
4444828
4445869
4446262
4446290
4446895
4446946
4447359
4447998
4448023
4448510
4449697
4451342
4451418
4451693
4451694
4451850
4452240
4452886
4452897
4453277
4454537
4454660
4454696
4454843
4455336
4457827
4458688
4458689
4458840
4458841
4459041
4459051
4459088
4459168
4459220
4459270
4460034
4460123
4460129
4460889
4460906
4461307
4461309
4461832
4464202
4464254
4464994
4465482
4465485
4465646
4465897
4465937
4465962
4466042
4466596
4467770
4467773
4468110
4468216
4468611
4469651
4470300
4470923
4471202
4471632
4472024
4473099
4473263
4473266
4473298
4473731
4473732
4473821
4473851
4473852
4474173
4474178
4474282
4474284
4474362
4474363
4474411
4475072
4477061
4477106
4477114
4477185
4477190
4477191
4477192
4477935
4479088
4479992
4480007
4480149
4481146
4481508
4483156
4483520
4485079
4486123
4486836
4486852
4487273
4487593
4487721
4487932
4488375
4488594
4489516
4490246
4490615
4491091
4492692
4492789
4493392
4493461
4494022
4494027
4494028
4495336
4495981
4496065
4496864
4498104
4499672
4500585
4500611
4502353
4503593
4503794
4503947
4506083
4506983
4506986
4506990
4510264
4510423
4510907
4511005
4511070
4511076
4511287
4511829
4512033
4512184
4512680
4512714
4512728
4513187
4513220
4513239
4513292
4514841
4515536
4515634
4517518
4517522
4517759
4517841
4519303
4519547
4519863
4520520
4520539
4521505
4522562
4522675
4523841
4524585
4524606
4525020
4525461
4526228
4526584
4526587
4526683
4526816
4530339
4530666
4531212
4531323
4532928
4533249
4534425
4534487
4534492
4534772
4535759
4536089
4536125
4536158
4536207
4536227
4537426
4537432
4539697
4540109
4540566
4542504
4543582
4543815
4543892
4544853
4545680
4546237
4546410
4547041
4547463
4547715
4547759
4548211
4548224
4549134
4549385
4549656
4550786
4550788
4552664
4552813
4552824
4552930
4553146
4553368
4554993
4555067
4556667
4556707
4556736
4556750
4556960
4556987
4556991
4557829
4558049
4558824
4558976
4559441
4559651
4559793
4559968
4560823
4561342
4561672
4561903
4562242
4563124
4564220
4564232
4564561
4564562
4564758
4565057
4565889
4566935
4568337
4568341
4568349
4569435
4569885
4572060
4572657
4573090
4573091
4573963
4575683
4575686
4576412
4576414
4577104
4580315
4580478
4581560
4581780
4582069
4582802
4582804
4582805
4583545
4584065
4585012
4585117
4585120
4585122
4585139
4585217
4585243
4585486
4585491
4585497
4585499
4585517
4585522
4585923
4586270
4586278
4586926
4587539
4588113
4588123
4588418
4589413
4589641
4589681
4589804
4589805
4589806
4589841
4589842
4589845
4591484
4593570
4593859
4594019
4594029
4594156
4594500
4595505
4595523
4595771
4596753
4596919
4596924
4596928
4598145
4598480
4599046
4599064
4600918
4601715
4602085
4604244
4604250
4604759
4605232
4606127
4606802
4607368
4607417
4607499
4608360
4608626
4608774
4609410
4610202
4610767
4611144
4612670
4614048
4614319
4615809
4617387
4617721
4617870
4619344
4619796
4620514
4621429
4621742
4621867
4623208
4624365
4624709
4624809
4624862
4624866
4624931
4624999
4625041
4625212
4625557
4625848
4626569
4626783
4627358
4627361
4630252
4630293
4630483
4631149
4631949
4632075
4633483
4633838
4635003
4635918
4635920
4635922
4637496
4638337
4639442
4640353
4640843
4641650
4641924
4643681
4643939
4644722
4646362
4646462
4646674
4647500
4647695
4648161
4649049
4649056
4649361
4649618
4650253
4650644
4650987
4652367
4653806
4654106
4656831
4656846
4657106
4657500
4658035
4658414
4659903
4660380
4661275
4663245
4663274
4664667
4667012
4667066
4667398
4667761
4668077
4668288
4668874
4669302
4669532
4670482
4671028
4671712
4672286
4672713
4672877
4673311
4673558
4674054
4674569
4674830
4676166
4677987
4678221
4678893
4679864
4681091
4681551
4681926
4682464
4682835
4683193
4683425
4683429
4683456
4683457
4683460
4683540
4684097
4684365
4685275
4685521
4686003
4686319
4686538
4686754
4686763
4686835
4687008
4687299
4689284
4689287
4689547
4689787
4691364
4691372
4691379
4691408
4691419
4692093
4692314
4692319
4692452
4692511
4692512
4692514
4694689
4696540
4696812
4696831
4697303
4698540
4698722
4699711
4699782
4700211
4700263
4700495
4700985
4701927
4701928
4702091
4703613
4703716
4704505
4704562
4705349
4705486
4705520
4706123
4706972
4707189
4707235
4707362
4708012
4709269
4709416
4709417
4709422
4709505
4709635
4709793
4710636
4710946
4711070
4712932
4713423
4714641
4714646
4715124
4717301
4717318
4717323
4717328
4717545
4718678
4720218
4720276
4720723
4720735
4720749
4722250
4723992
4724035
4724038
4724692
4725198
4725371
4726313
4726531
4727040
4728009
4728050
4728635
4729319
4729321
4729938
4731490
4731574
4732187
4732188
4732190
4736129
4736370
4736471
4736480
4736604
4737015
4737127
4737212
4737613
4737615
4738255
4738294
4738472
4739029
4739511
4740758
4740776
4740778
4740928
4740947
4740953
4741001
4741076
4743418
4744695
4745181
4746244
4748030
4748034
4749380
4749714
4751480
4752128
4753321
4753593
4753805
4753806
4753807
4754402
4754765
4754830
4755012
4756146
4756542
4758058
4758068
4758810
4758827
4759544
4760755
4761650
4761693
4761724
4761858
4763068
4763307
4763436
4764327
4764674
4766291
4766513
4767215
4768083
4768680
4768880
4769636
4769706
4770438
4771024
4771405
4771731
4771748
4771946
4772001
4772823
4773017
4773075
4773384
4773387
4776058
4777419
4777731
4779507
4779527
4779536
4779538
4779888
4779901
4780087
4780430
4781852
4781865
4781893
4781983
4782164
4782783
4783046
4784887
4785138
4785144
4785184
4785213
4785273
4785374
4785961
4786208
4786547
4789131
4790904
4790922
4792397
4792417
4792868
4792877
4793124
4793190
4793654
4794204
4794878
4795711
4796013
4796686
4797753
4798403
4799570
4800313
4801124
4801860
4802423
4802529
4803189
4803268
4803731
4804331
4804345
4804440
4805088
4805536
4805610
4806293
4806909
4806910
4809899
4810172
4810460
4811885
4811926
4811946
4814138
4814552
4814553
4814690
4814783
4814794
4815251
4815465
4816784
4816787
4816795
4816802
4816805
4816933
4819595
4819722
4819724
4820052
4820053
4820445
4823302
4823313
4824464
4824511
4824756
4826870
4826880
4827825
4827837
4828428
4828456
4829218
4830302
4830528
4830618
4831124
4831422
4832088
4832096
4832139
4833047
4833895
4834229
4834346
4834461
4834462
4834577
4834768
4834943
4834945
4835129
4835439
4835479
4835697
4835729
4835785
4837161
4838085
4838102
4838249
4838261
4838301
4838562
4838821
4839741
4841392
4841538
4842931
4844976
4846799
4847934
4849422
4849453
4852198
4853554
4854410
4854607
4854998
4855531
4855951
4856878
4857225
4858518
4858533
4859784
4859836
4860661
4860869
4861722
4861727
4862963
4862965
4863427
4863521
4863745
4863900
4864064
4865085
4865827
4866737
4866889
4868964
4868976
4869560
4869624
4870472
4871416
4871440
4871534
4872123
4872364
4872412
4872413
4872444
4872468
4873218
4873652
4873656
4875931
4876121
4876207
4876236
4877105
4877391
4879128
4881397
4882152
4882315
4882320
4886967
4887503
4888196
4888525
4889574
4889611
4890007
4890016
4890300
4890427
4890474
4890597
4893012
4893013
4893165
4893496
4894914
4895349
4897690
4898444
4898929
4899470
4899476
4900504
4901075
4901987
4902194
4902244
4903142
4905637
4905944
4905965
4906043
4906155
4906227
4906710
4907975
4908139
4908160
4908406
4910144
4911044
4911046
4911362
4911410
4912074
4912342
4912858
4912925
4912932
4913088
4913091
4913556
4913931
4913973
4913992
4914983
4915335
4915443
4917538
4918729
4918925
4919360
4919533
4919650
4920418
4921346
4921464
4923118
4923151
4923193
4923251
4923523
4925679
4925890
4927814
4927925
4927932
4928533
4930823
4931605
4932098
4932112
4932114
4933876
4936222
4936515
4936600
4936632
4937025
4938209
4938540
4938958
4939293
4939358
4940400
4940880
4941243
4942475
4944916
4945432
4945641
4945901
4945903
4946094
4946156
4948867
4949629
4949632
4950303
4950574
4951481
4951525
4956096
4956272
4956384
4956386
4957085
4957514
4957789
4958897
4958903
4958956
4959711
4959733
4960217
4960233
4960248
4960610
4961020
4961023
4961028
4961240
4967326
4967793
4968669
4968823
4969259
4969269
4969290
4969315
4969546
4970221
4970564
4971022
4971060
4971065
4971080
4971081
4971514
4972439
4973525
4974501
4974649
4974847
4974943
4975394
4975911
4976095
4976854
4977170
4977429
4978833
4980767
4981336
4981464
4982075
4982083
4983635
4983643
4987329
4987370
4989445
4990413
4990538
4990879
4992723
4992828
4993126
4993633
4993769
4993791
4995017
4995168
4995394
4997255
4998077
4999060
4999591
4999800
5000576
5002428
5002985
5003884
5003890
5003912
5004755
5004845
5005819
5005930
5005953
5006857
5006878
5008046
5008055
5008173
5008218
5008726
5009120
5012579
5012606
5012952
5013128
5013133
5014546
5014856
5015489
5015972
5017316
5017636
5018326
5018632
5020046
5021680
5021995
5022085
5023093
5024049
5025207
5025431
5025439
5025455
5025655
5026687
5027048
5027199
5028003
5028840
5029760
5029841
5030293
5030331
5030332
5030369
5030628
5031401
5031470
5031471
5031931
5032244
5032987
5033031
5033394
5033598
5034407
5035136
5035334
5036427
5036433
5036507
5037100
5037166
5037197
5037230
5037892
5039196
5039208
5040199
5040713
5040726
5040752
5040917
5041055
5041526
5042060
5042442
5043422
5043643
5046107
5046116
5046132
5047893
5049624
5050204
5050423
5050502
5051727
5052273
5053033
5053034
5054000
5055974
5056175
5056709
5056757
5057137
5057312
5061089
5061815
5061995
5064334
5064341
5064346
5064618
5064665
5064666
5065042
5065045
5065203
5065224
5065955
5065994
5065996
5066805
5066828
5066832
5066834
5066914
5067102
5067564
5067951
5068584
5068756
5068766
5069650
5070048
5070053
5070055
5070771
5072568
5072594
5073125
5073133
5073153
5073227
5074002
5074286
5075341
5077078
5078804
5080293
5080342
5080670
5082524
5082531
5082764
5082970
5083847
5083948
5086787
5088411
5089972
5090005
5090046
5091010
5091681
5091683
5091684
5091745
5091824
5093128
5093734
5094265
5094726
5094780
5095112
5095504
5095979
5096754
5097101
5097115
5097818
5097923
5099497
5100555
5101215
5101412
5101482
5101630
5101634
5101829
5102637
5102642
5102646
5102650
5102897
5103101
5103175
5104370
5104450
5104469
5106004
5107911
5108736
5108767
5108793
5108806
5108928
5109402
5109685
5109935
5112264
5112631
5112753
5112988
5113041
5113059
5113676
5114555
5114586
5115684
5116051
5116480
5116552
5117589
5118811
5120113
5120778
5121155
5121279
5121604
5121642
5122582
5122714
5124953
5126868
5127572
5129576
5129700
5131431
5131454
5131954
5132086
5133541
5133641
5133650
5135476
5136555
5138827
5139983
5141420
5141961
5145909
5148219
5148586
5149687
5150253
5153555
5153561
5153599
5153602
5153603
5153605
5155664
5157986
5159433
5161366
5161386
5166998
5167004
5167006
5167221
5167243
5167742
5168646
5169030
5169068
5171814
5172249
5178348
5192246
5198188
5198883
5200881
5200917
5205575
5207406
5207728
5209359
5213710
5214227
5214699
5215289
5215384
5215522
5216041
5216367
5216408
5216620
5216875
5218407
5220074
5220433
5222581
5222957
5223054
5223202
5223363
5225123
5225167
5225218
5225377
5225658
5225733
5226806
5228032
5231336
5231350
5233672
5238376
5240249
5241989
5242022
5243799
5244672
5247468
5249194
5249227
5253253
5253366
5256067
5256117
5256125
5256178
5256185
5256627
5256670
5257188
5258692
5258716
5261811
5263224
5264368
5264403
5264416
5266295
5266482
5266720
5266856
5267588
5268394
5269713
5269715
5270359
5271317
5272890
5275766
5276995
5277003
5279691
5279692
5279905
5279908
5279909
5281680
5282065
5282790
5282900
5286415
5288938
5292395
5292421
5292433
529251
5292818
5293195
5293810
5294576
5295681
5296303
5296859
5297681
5299393
5299428
5302018
5303222
5309221
5309400
5309430
5309571
5310170
5312556
5312779
5312944
5312947
5313215
5313525
5314109
5314121
5314122
5315053
5315540
5315543
5317178
5317330
5317331
5318354
5318365
5318420
5318918
5319953
5320604
5322339
5322448
5323110
5324137
5324352
5324609
5326798
5327429
5328315
5328751
5329062
5333782
5333818
5334427
5334444
5334508
5337373
5337483
5338612
5338867
5339238
5339262
5339306
5339600
5341328
5341493
5342335
5344343
5344349
5344449
5344901
5345971
5345975
5346560
5347082
5348631
5349082
5349685
5350153
5350568
5351631
5353703
5354342
5355989
5357648
5357686
5357699
535816
5358393
5358467
5359195
5359252
5359254
5359439
5359606
5360986
5361087
5361832
5362933
5364393
5364459
5366353
5366822
5366904
5367861
5368167
5369868
5370516
5371603
5371620
5371677
5372462
5372469
5373110
5373826
5374197
5376052
5378713
5378760
5378777
5378800
5380751
5380757
5381916
5382127
5383053
5383672
5385589
5385591
5387072
5387158
5388869
5389622
5390398
5390693
5390694
5390701
5390702
5390704
5390710
5390711
5390719
5390723
5390724
5390728
5390729
5390731
5390736
5390737
5390741
5390743
5390745
5390747
5390749
5390751
5390759
5390838
5390840
5391018
5391991
5392707
539354
5393874
5394485
5394595
5395570
5396873
5396975
5397062
5397127
5397485
5397581
5398122
5402183
5402354
5402715
5404398
5404760
5404767
5405013
5405052
5405064
5406467
5406753
5406999
5407349
5407357
5407639
5408037
5408050
5408054
5408078
5409049
5409184
5412091
5413021
5413198
5413835
5414075
5415557
5415595
5415819
5416668
5416677
5416694
5416713
5417348
5418232
5418320
5422036
5422526
5422531
5422542
5423316
5423362
5423613
5423966
5423973
5425472
5425482
5426574
5426630
5427072
5427895
5428215
5428274
5428331
5428452
5428464
5428665
5428836
5429176
5429234
5429245
5429851
5431219
5431892
5432174
5432635
5433301
5433384
5433500
5434108
5434145
5434152
5434171
5434177
5434179
5434188
5434192
5434195
5434828
5435302
5435748
5436813
5437037
5437169
5437852
5437955
5438026
5439076
5440465
5440513
5440725
5440753
5441122
5441129
5442174
5443153
5443910
5444193
5445372
5446324
5446325
5446487
5447013
5447510
5447653
5447679
5447710
5447932
5448813
5449125
5449404
5456053
5457446
5458434
5458780
5459425
5459904
5459906
5460041
5460045
5460047
5460048
5460049
5460052
5460053
5460054
5460055
5460485
5461259
5461356
5462779
5462926
5465825
5466595
5470532
5470568
5470569
5470571
5471583
5472110
5472113
5472120
5472149
5472159
5472191
5472437
5472613
5472615
5472839
5473502
5473647
5474436
5474460
5474710
5474717
5476347
5476738
5476972
5478270
5478470
5478695
5478859
5479858
5480016
5481304
5481872
5484279
5484465
5484500
5484997
5485378
5486584
5487342
5487428
5487465
5487515
5488789
5489690
5490062
5490670
5490673
5490676
5490679
5490680
5490681
5490682
5490684
5490687
5492161
5493837
5495750
5496109
5498521
5499811
5500310
5500479
5500565
5500656
5501884
5503258
5503260
5503292
5504124
5504237
5504268
5506019
5506482
5507493
5509143
5509294
5509841
5509941
5509945
5510560
5511819
5511877
5514428
5515815
5515845
5516034
5516169
5516591
5516603
5516611
5516618
5516679
5516692
5516734
5517392
5517483
5517493
5518297
5518417
5519515
5519538
5519569
5520823
5521032
5524689
5524890
5526909
5527158
5529377
5529460
5530096
5530585
5531024
5531216
5532445
5534936
5535744
5536300
5536366
5536405
5536581
5537350
5537408
5537409
5537800
5538346
5539074
5539178
5540394
5540826
5540885
5540901
5540953
5541072
5541082
5542421
5542677
5543089
5543091
5543103
5544493
5545571
5545730
5545733
5545923
5546115
5546828
5547961
5548815
5548820
5548834
5550544
5550713
5552678
5552726
5553850
5554004
5554370
5554371
5554572
5554925
5555664
5556089
5557673
5557747
5557775
5559438
5559537
5559590
5559812
5560090
5561091
5561271
5561307
5561314
5561315
5561318
5562685
5562686
5562714
5562927
5563353
5565076
5565317
5565787
5567054
5568461
5571944
5572159
5572336
5572420
5573371
5573734
5574875
5574908
5575050
5575101
5575270
5576914
5577167
5577238
5577266
5577279
5577408
5577855
5578968
5579001
5579015
5579021
5581488
5581489
5581902
5582085
5582206
5583150
5583354
5583606
5585191
5585337
5587688
5589232
5589926
5591329
5591400
5591831
5591977
5592780
5593184
5595153
5595783
5595864
5595885
5596003
5596075
5596085
5596109
5596304
5596472
5597850
5597854
5597864
5597870
5597885
5597887
5597888
5597891
5598001
5598991
5601387
5601484
5603029
5603581
5603694
5603698
5603705
5605002
5605556
5607125
5607140
5607552
5609108
5609161
5609860
5610339
5610687
5611745
5612468
5612991
5613132
5613165
5613211
5613222
5614979
5617746
5618270
5619300
5619738
5619927
5622121
5622337
5623679
5623877
5624616
5624934
5626656
5626705
5626874
5627037
5627153
5628803
5629818
5629819
5629824
5629825
5629827
5629828
5633146
5633338
5633747
5636639
5637159
5638238
5638549
5639239
5639240
5640779
5641567
5641920
5643204
5643375
5645005
5646154
5647364
5647526
5647646
5647795
5647796
5647797
5647808
5647811
5647812
5650679
5651280
5651386
5651399
5651543
5652281
5653700
5653701
5655021
5655252
5655281
5655292
5655301
5656597
5656636
5656821
5660710
5660893
5662181
5662713
5663617
5665859
5665929
5668033
5668099
5668286
5668415
5670208
5670503
5671608
5672078
5673841
5675730
5675888
5678287
5679722
5681965
5682036
5682039
5683191
5683807
5683811
5684433
5684496
5684566
5684958
5685008
5685634
5686258
5686883
5687596
5687731
5689580
5693435
5693844
5693847
5693872
5694464
5694469
5696255
5698860
5700184
5700408
5700743
5700801
5700823
5700936
5700951
5700961
5701116
5701130
5701148
5701933
5701943
5701971
5702009
5702357
5702479
5702874
5702877
5703701
5705718
5706823
5707232
5707237
5708742
5708763
5709437
5711016
5711858
5711935
5713179
5714167
5714170
5714173
5714878
5714934
5714958
5715096
5715339
5716095
5716153
5716169
5716198
5717028
5717247
5719057
5719969
5721596
5722017
5722310
5722796
5722839
5722874
5722925
5723402
5723661
5723666
5724021
5724830
5724834
5725444
5726606
5726753
5728512
5730187
5732236
5732284
5732967
5733021
5733037
5733533
5733863
5734432
5734798
5735118
5736650
5737081
5737574
5737644
5737803
5737855
5738422
5740787
5741239
5741645
5742108
5742189
5742470
5742581
5743681
5743927
5744997
5745370
5748416
5750811
5757403
5758492
5758503
5758587
5760524
5760650
5761833
5762618
5762812
5764159
5764359
5765256
5766543
5766638
5766664
5767087
5767252
5767266
5767270
5767685
5767716
5767722
5767843
5768056
5768152
5768588
5768628
5768705
5768734
5770409
5770631
5770732
5770807
5771000
5771263
5772149
5772373
5772436
5772468
5772563
5772671
5773553
5773885
5775353
5776082
5776089
5778266
5780425
5783269
5783344
5783351
5783544
5783781
5784751
5785471
5786747
5787069
5787086
5787137
5787535
5787555
5788959
5788979
5789061
5789340
5790372
5791961
5793726
5793727
5793733
5793999
5795345
5796644
5797124
5797301
5797423
5797614
5799325
5801296
5801317
5805221
5805503
5805955
5806294
5807408
5807432
5808163
5808218
5808329
5808346
5808641
5809026
5809186
5809475
5809561
5810040
5810285
5811821
5813029
5813715
5814051
5814381
5814400
5814540
5814975
5816744
5816750
5816803
5816817
5818418
5818614
5818658
5818762
5819802
5820311
5822570
5823866
5823968
5825897
5826250
5826285
5826397
5827340
5827352
5828450
5829027
5829060
5829215
5829247
5830351
5830455
5830458
5831411
5831930
5832413
5835070
5835093
5835354
5836147
5836271
5836273
5836276
5836281
5837552
5837691
5837970
5838223
5838315
5838818
5839576
5840443
5840447
5841144
5842307
5842548
5842644
5842662
5842730
5842731
5842749
5842751
5842755
5843226
5843408
5844060
5844916
5845128
5845632
5845634
5845673
5845706
5845741
5845755
5846304
5846383
5851320
5852894
5853618
5853626
5854800
5856266
5856411
5857429
5857536
5857603
5857897
5859011
5859072
5861091
5861186
5861187
5863860
5863896
5865205
5865260
5868121
5868577
5868769
5869447
5870086
5870359
5870997
5872489
5872590
5874055
5879116
5879132
5880857
5881103
5881242
5881246
5881349
5883238
5883250
5884511
5884919
5885301
5887003
5889095
5890144
5890150
5890192
5890198
5890242
5891580
5891894
5891895
5891971
5891973
5893336
5893345
5893589
5893717
5895040
5897381
5897436
5898032
5898757
5900363
5900560
5900719
5900891
5900892
5901935
5901964
5902547
5903407
5904188
5904278
5904282
5904472
5905235
5905825
5906569
5906579
5908080
5908766
5908894
5909247
5909915
5911467
5911957
5913255
5914370
5915578
5915597
5915898
5917670
5919956
5919964
5922580
5924772
5924965
5925967
5928107
5928127
5928248
5928400
5928408
5928409
5928412
5929108
5930551
5932143
5932175
5932177
5932337
5932339
5933734
5934703
5936771
5938366
5939194
5939199
5939204
5939209
5942777
5942817
5943755
5944011
5944019
5944238
5944252
5945807
5946009
5946243
5946384
5946896
5947821
5949095
5949205
5951943
5951955
5952227
5952255
5953307
5953410
5953411
5953467
5954080
5954440
5954881
5954893
5955542
5956011
5957476
5958121
5962315
5962628
5962703
5962753
5962755
5962765
5963507
5963705
5963950
5964452
5964829
5964831
5966381
5966526
5966556
5967817
5968058
5970473
5971215
5972219
5972585
5973500
5973829
5974035
5974222
5975102
5977449
5978277
5980092
5981328
5983530
5984593
5984594
5984595
5984600
5984739
5985698
5985714
5986117
5986884
5987668
5987796
5987841
5987844
5987846
5987867
5988022
5989285
5989351
5989618
5989744
5989755
5989769
5990012
5990553
5991324
5991329
5991560
5992174
5992285
5992674
5993203
5993749
5994409
5996039
5996092
5996277
5996451
5996941
5999593
5999722
6001266
6001281
6001468
6002103
6002968
6003008
6003940
6004402
6004505
6004892
6005523
6005543
6005865
6006772
6007283
6007330
6007431
6007508
6007597
6007614
6008384
6008551
6013725
6014584
6015823
6015913
6015918
6016936
6018085
6018146
6018567
6018568
6018603
6019262
6021536
6022272
6022538
6022564
6022637
6022678
6023115
6024159
6024199
6024227
6025187
6025608
6026656
6027957
6028418
6028523
6028592
6028829
6029499
6029561
6029565
6029581
6029793
6030850
6030991
6031867
6031869
6033386
6034587
6036145
6037213
6037822
6037859
6039839
6039842
6039844
6040158
6041384
6041419
6041563
6043592
6043673
6043684
6043695
6043715
6043767
6043808
6044349
6044360
6045572
6045825
6046038
6046444
6047864
6048242
6050455
6050468
6051291
6051311
6051313
6051314
6051469
6051473
6051474
6051476
6051493
6051673
6051941
6051991
6052091
6052113
6054466
6054999
6055042
6055618
6055646
6055715
6055731
6055759
6056617
6056623
6057276
6057630
6057663
6058018
6060531
6061207
6061793
6062613
6062623
6063348
6064935
6064948
6066357
6066523
6066585
6066614
6066986
6067073
6067086
6070629
6070691
6070862
6071260
6072647
6072838
6074614
6074837
6075756
6076908
6076911
6077172
6078076
6078711
6079279
6079376
6080578
6082929
6082980
6082997
6083552
6084012
6084015
6084775
6085481
6085559
6085723
6085909
6085917
6085921
6085922
6085924
6086096
6087444
6088138
6088776
6090201
6092518
6092994
6093436
6093481
6094967
6094992
6095946
6096200
6096705
6097101
6097773
6102316
6102448
6102476
6103265
6103268
6104074
6105189
6105621
6107212
6107443
6109683
6110712
6110787
6110881
6112678
6114065
6115607
6117043
6117424
6119712
6121147
6121148
6121151
6121152
6121162
6123520
6123522
6124115
6124871
6125610
6125813
6126420
6127030
6127636
6129768
6130407
6131607
6131631
6132024
6132278
6132644
6133549
6136263
6136638
6136767
6137310
6137311
6137312
6137318
6138678
6140103
6140120
6141635
6142044
6143802
6145313
6145856
6146453
6146500
6147412
6150946
6150950
6151682
6152579
6153347
6153922
6154258
6154460
6154769
6154975
6155344
6156257
6156348
6157537
6158330
6158739
6159748
6160480
6160565
6160637
6160640
6160648
6160650
6160652
6161507
6162305
6162493
6165861
6167462
6167473
6167617
6167995
6168246
6168704
6169099
6169249
6169325
6170627
6174222
6174248
6174580
6175394
6175904
6175971
6176073
6176551
6177116
6177124
6179190
6179287
6179575
6181272
6181401
6181801
6181976
6182059
6182068
6183416
6185852
6186308
6186800
6186956
6189475
6192623
6193025
6193108
6193478
6193957
6194129
6194586
6194920
6195265
6195525
6196458
6197328
6197386
6197495
6197719
6197798
6198067
6199304
6200185
6200435
6200838
6200839
6200849
6200858
6200969
6202694
6203765
6204480
6204485
6204486
6204490
6205927
6205982
6206214
6208903
6209625
6209833
6209854
6211209
6211278
6214581
6214650
6214971
6215330
6215333
6216144
6216427
6218594
6218606
6218732
6219793
6220065
6220368
6220927
6220988
6221049
6222034
6223116
6223879
6224323
6224336
6225791
6231057
6232121
6232421
6232505
6232837
6232925
6234282
6234318
6234325
6234327
6234525
6234546
6234582
6236232
6236252
6237351
6237845
6238228
6240578
6242316
6243023
6243115
6243583
6244630
6244719
6245284
6246657
6246737
6248394
6250039
6250688
6251472
6252268
6252312
6255820
6258154
6258168
6258253
6258801
6261580
6262037
6262413
6264476
6264830
6266032
6266251
6267244
6267850
6267999
6275176
6275219
6277540
6277679
6277740
6277741
6277744
6277790
6277805
6278611
6279740
6279930
6281211
6281980
6282848
6283978
6284029
6284061
6286189
6286581
6287007
6287083
6288484
6288604
6289042
6289073
6289978
6290711
6290712
6290724
6290732
6290891
6291169
6291466
6291517
6291929
6292037
6292425
6292957
6293214
6293319
6293321
6296514
6297157
6297879
6298974
6300783
6300910
6301215
6302005
6302056
6302237
6302483
6302648
6302822
6303108
6303343
6304426
6304436
6305346
6305490
6305495
6305719
6306453
6306455
6306484
6306625
6306675
6306691
6307442
6307453
6307498
6307659
6308313
6308383
6308824
6309619
6310902
6312116
6312316
6312599
6313257
6314635
6315133
6315197
6318292
6318467
6319198
6319210
6319374
6319771
6322711
6326732
6327084
6328158
6328464
6329283
6329519
6329522
6329784
6330292
6331092
6331100
6331309
6332472
6333010
6333399
6333752
6333851
6333856
6335262
6335280
6335318
6335367
6335668
6335744
6335946
6336825
6337053
6337807
6338059
6341072
6342150
6344321
6344389
6344394
6344438
6344475
6344645
6345431
6345498
6345688
6345784
6345858
6346660
6346665
6346674
6347794
6348392
6349380
6350268
6351452
6351455
6351678
6352145
6352299
6353946
6356005
6356006
6356008
6356791
6357517
6360180
6360608
6361032
6361040
6361807
6361914
6362173
6362187
6362203
6362490
6363380
6364877
6365558
6367346
6368548
6369182
6369188
6369357
6369363
6369365
6369791
6369852
6370556
6370743
6370859
6371034
6371424
6372948
6373362
6373538
6373694
6373696
6373776
6373934
6374310
6374327
6374424
6374554
6374601
6374606
6374985
6375028
6375042
6375045
6375904
6376122
6376376
6377652
6378291
6378867
6379474
6379589
6379596
6379643
6380605
6380625
6381040
6381043
6382150
6382839
6382927
6383182
6386400
6387933
6387936
6388919
6389609
6389716
6389927
6389990
6391069
6391342
6391559
6391930
6393460
6393739
6394790
6395384
6395704
6396012
6396725
6397754
6397949
6398246
6398400
6399132
6399149
6399605
6399610
6399611
6399613
6399614
6399662
6400097
6402339
6402375
6402428
6403295
6405436
6405507
6405688
6405852
6406626
6408456
6408999
6409298
6409331
6410409
6411494
6411589
6411590
6411629
6411654
6411780
6411827
6411905
6411911
6411915
6412007
6413302
6413303
6413342
6413470
6414400
6414418
6414524
6416294
6416773
6416970
6416976
6417705
6418099
6418272
6420474
6420575
6421260
6421679
6422812
6422826
6422939
6423085
6423124
6423170
6423409
6423470
6425117
6427971
6428714
6428720
6430005
6430980
6433888
6434022
6434094
6434096
6434179
6435746
6437560
6438321
6438928
6438987
6439281
6439322
6440741
6442104
6442313
6442315
6443641
6443660
6443848
6443849
6444290
6444301
6444302
6444412
6445102
6447229
6448007
6448813
6449776
6450211
6450666
6451190
6451258
6452291
6456774
6456784
6456806
6457314
6457628
6458356
6458376
6458910
6458952
6459395
6459927
6459930
6460665
6460891
6462777
6463125
6463204
6465626
6465769
6467449
6469048
6469882
6472252
6472426
6472434
6472739
6472766
6473038
6473050
6473082
6474656
6475809
6477504
6477506
6477654
6478896
6481189
6482267
6484365
6485093
6488299
6488919
6489540
6489567
6490893
6491039
6491505
6491783
6491847
6491879
6491880
6491890
6492000
6492163
6492455
6497005
6497259
6497695
6498747
6499204
6499876
6500632
6502961
6503044
6503155
6503945
6504693
6504820
6505675
6505710
6506638
6507243
6508045
6508624
6509111
6509236
6509414
6510164
6510341
6510960
6511146
6511351
6513994
6514124
6517480
6517502
6517646
6517954
6518386
6518968
6519696
6519915
6519999
6520300
6520362
6520565
6520632
6520683
6521098
6522834
6523415
6523423
6523439
6524692
6524720
6524815
6525150
6525165
6525316
6526291
6526550
6527755
6528067
6529595
6529676
6529842
6530345
6530394
6530833
6531458
6532294
6533560
6534061
6535625
6535682
6536594
6536606
6536850
6536856
6537025
6537703
6538224
6538491
6538577
6538802
6538859
6538978
6541618
6541908
6543018
6543172
6543522
6544008
6544009
6545409
6545448
6545528
6545793
6546101
6546813
6546876
6548807
6548857
6551438
6551553
6554427
6555514
6555809
6558200
6563468
6563769
6565807
6570413
6576152
6576210
6577614
6579875
6579880
6580312
6580427
6581155
6581730
6581736
6584748
6585311
6585730
6586796
6587071
6587437
6587762
6587810
6588537
6589258
6590340
6590446
6591190
6591491
6591689
6592880
6596197
6597703
6598398
6603018
6603131
6609574
6609702
6612132
6613038
6613939
6614391
6615160
6616568
6617843
6618303
6620714
6621543
6625468
6625478
6625518
6626382
6626657
6627026
6627032
6627582
6628069
6629544
6632148
6634058
6635562
6635592
6636204
6636661
6636756
6638857
6639426
6639429
6641167
6646524
6647073
6648236
6650186
6650534
6650750
6658918
6659551
6660255
6660259
6660260
6662889
6664004
6664059
6664196
6664199
6667433
6667657
6667674
6668217
6668327
6668391
6675526
6676011
6676803
6677088
6677746
6678373
6678781
6680427
6680530
6681173
6683781
6684815
6685442
6685938
6688445
6688447
6688450
6688452
6688454
6688725
6688740
6688742
6690512
6690736
6691771
6692433
6692593
6693526
6693527
6694441
6694795
6697392
6697400
6698268
6698969
6699247
6699415
6699467
6700173
6701282
6701285
6702163
6702218
6702284
6702325
6703143
6703901
6704183
6706345
6706374
6706442
6706587
6706631
6706639
6706650
6706769
6707092
6707554
6708884
6709212
6710191
6711877
6711881
6712686
6713145
6714062
6714589
6715348
6718467
6718659
6718876
6724610
6726201
6726596
6726765
6726913
6727739
6728376
6728873
6728879
6730529
6731699
6732149
6733807
6733843
6733998
6734224
6734280
6734311
6736566
6736628
6736976
6737283
6738351
6739688
6742389
6744568
6746838
6748214
6749044
6749092
6749494
6750201
6752792
6752853
6753164
6753189
6753224
6753349
6753388
6755563
6758595
6759464
6759465
6759632
6759985
6760461
6761222
6764288
6764322
6764740
6766853
6768953
6769036
6771882
6771970
6771995
6775218
6775267
6776602
6776603
6776974
6777799
6778826
6778829
6778831
6778832
6779153
6779791
6779815
6783415
6783465
6783513
6783572
6786756
6787009
6787283
6788296
6790302
6790308
6790316
6790323
6791817
6793871
6794081
6794683
6794940
6795028
6796569
6797125
6802850
6803428
6803514
6803655
6803765
6805153
6805726
6807652
6811608
6811649
6812119
6812295
6812500
6813410
6814510
6817473
6817507
6819097
6819316
6819787
6820158
6820159
6820536
6821801
6823191
6823375
6823434
6823489
6823517
6823717
6825652
6826721
6828617
6831619
6831623
6831650
6831726
6831914
6832276
6832542
6834775
6836753
6837379
6837842
6838008
6838093
6838122
6838181
6838549
6838657
6838678
6841672
6841919
6843060
6844592
6847053
6847157
6847411
6847532
6847659
6847904
6848075
6848258
6849177
6849263
6849415
6849428
6851020
6851803
6853793
6853889
6854061
6856165
6856353
6856651
6861198
6861557
6861566
6861567
6861638
6861733
6863771
6863958
6864886
6864894
6864898
6864902
6865217
6865522
6865530
6865575
6865810
6866293
6866728
6867820
6868065
6868994
6869357
6869572
6869814
6871609
6873566
6875148
6875157
6878729
6879983
6879998
6880712
6881235
6881270
6881273
6882310
6885594
6889084
6889413
6891052
6892816
6893234
6895037
6895067
6895138
6895656
6896090
6899324
6899774
6899836
6901178
6901698
6902029
6904522
6905409
6906480
6906725
6907797
6907842
6908492
6908505
6908882
6908889
6908964
6909092
6909243
6911090
6911862
6912258
6913008
6913515
6914439
6914989
6915035
6915079
6915704
6916167
6917022
6917024
6917027
6917576
6919268
6920213
6920387
6921539
6923468
6924083
6925178
6925270
6925479
6925990
6927643
6927995
6928005
6928458
6929567
6929672
6929676
6930267
6930742
6930796
6930819
6930905
6932934
6932986
6933001
6933217
6933499
6933911
6933953
6934088
6934513
6934551
6934617
6937793
6938298
6938811
6939059
6939096
6942889
6943404
6943769
6944357
6945518
6945611
6947308
6947488
6948361
6949536
6953785
6955353
6955618
6955821
6955922
6955970
6955985
6957341
6960126
6961663
6963119
6964811
6965060
6965093
6965349
6965735
6968958
6968969
6969078
6969079
6969084
6969085
6969091
6969119
6969128
6969133
6969178
6969193
6969195
6969196
6969220
6969221
6969303
6969304
6969316
6969342
6969343
6969346
6969350
6969351
6969364
6970147
6970151
6970152
6970153
6971063
6971098
6971169
6971211
6971221
6971822
6971823
6974031
6974891
6974892
6974905
6974906
6974907
6974919
6975290
6975544
6976617
6976986
6978217
6978224
6978675
6980867
6980880
6981017
6981267
6982460
6985092
6987472
6987694
6987717
6987719
6987789
6987809
6987860
6987861
6987881
6987884
6987894
6987902
6988511
6988598
6989437
6989778
6989807
6989812
6989820
6989828
6989835
6990091
6990475
6992642
6993791
6993970
6994539
6994751
6995256
6995405
6997483
6997620
7000661
7002496
7002564
7004158
7004957
7004959
7004964
7005099
7005761
7006219
7007888
7007901
7008231
7009470
7010574
7010702
7012850
7013042
7013171
7013238
7013245
7013351
7014141
7014820
7015912
7016138
7018059
7018765
7019009
7019506
7019762
7019777
7021694
7021708
7025083
7025096
7025159
7025412
7025481
7026183
7026505
7027335
7028277
7028684
7029184
7029692
7030986
7031205
7031677
7033450
7033456
7034312
7035375
7036087
7036196
7037590
7038454
7038585
7040021
7040490
7042673
7044242
7044545
7044574
7044576
7046524
7047004
7047474
7047914
7047962
7049137
7052076
7052248
7052327
7052336
7052514
7052844
7053150
7053263
7053268
7053515
7053535
7053555
7056869
7056998
7057279
7057281
7057285
7057286
7057287
7058347
7058508
7058635
7058929
7059122
7059347
7060213
7061333
7061501
7062843
7062961
7063030
7063116
7063975
7066080
7066097
7066214
7066353
7068713
7071377
7073437
7075880
7076146
7077979
7078287
7078368
7079031
7080706
7081126
7081533
7081769
7082015
7082184
7082218
7082749
7083979
7086005
7086282
7089650
7089658
7089660
7089996
7090023
7090024
7090100
7093095
7093320
7094193
7096733
7098584
7099000
7099636
7100367
7103632
7104351
7105808
7107010
7108869
7110764
7113175
7115154
7116230
7118360
7124138
7125128
7125356
7132920
7132946
7136238
7137100
7137722
7137724
7137725
7137727
7138608
7139327
7139645
7141258
7141501
7142256
7142389
7143895
7144993
7145196
7146067
7147576
7149958
7151113
7152675
7152681
7153857
7154645
7156375
7158890
7160072
7160080
7160429
7160846
7162893
7165424
7166048
7170706
7172032
7172875
7174551
7174714
7174988
7175992
7176089
7177435
7177586
7177590
7179339
7179344
7179353
7181059
7181727
7182973
7183158
7183590
7184176
7185109
7185578
7186217
7186243
7186333
7186438
7186483
7187689
7187770
7189119
7189624
7190157
7191056
7192312
7192759
7194032
7196208
7198299
7198704
7198729
7200265
7200443
7202324
7203015
7203484
7205008
7205291
7207247
7210030
7211435
7212183
7212466
7214682
7217471
7217870
7218079
7218112
7219687
7219696
7219697
7219880
7219906
7219912
7219926
7223160
7226166
7226604
7226880
7229488
7230250
7232576
7235958
7235961
7237737
7238288
7239811
7239932
7240193
7240288
7240289
7241958
7242653
7242759
7242814
7243043
7243356
7244491
7244998
7246792
7247733
7248297
7251141
7251158
7253675
7253688
7253710
7259610
7259775
7260173
7262007
7264157
7264165
7264388
7264682
7264688
7264689
7264824
7265028
7265368
7266313
7266500
7266623
7266792
7266808
7266965
7267220
7267896
7267899
7267906
7267909
7267910
7267914
7267915
7267919
7267922
7267923
7267926
7267932
7267943
7267954
7267957
7267958
7267960
7267962
7267963
7267973
7267979
7267980
7268011
7268012
7268023
7268026
7268030
7268035
7268036
7268037
7268040
7268041
7268045
7268054
7268059
7268061
7268062
7268065
7268074
7268076
7268078
7268082
7268085
7268086
7268089
7269728
7272423
7272628
7274441
7275001
7275020
7275517
7281781
7283505
7283585
7283913
7284131
7284316
7286598
7286871
7287276
7288027
7289455
7289948
7290010
7291774
7292263
7292267
7292973
7293620
7294053
7294056
7294057
7294058
7294069
7294099
7295154
7295781
7296040
7296115
7298110
7298984
7302522
7303006
7303278
7303392
7303402
7304509
7304510
7304515
7306625
7308367
7308457
7308525
7308655
7308657
7309184
7311494
7311647
7311782
7313681
7314931
7319504
7319957
7320316
7320967
7324653
7324903
7325715
7325959
7326956
7327301
7327355
7327610
7328018
7328026
7328027
7328031
7329082
7329310
7329834
7331241
7334452
7334468
7334611
7336138
7336141
7336154
7336244
7336457
7338355
7338603
7338611
7338684
7339124
7339141
7339288
7340148
7340363
7341340
7341652
7344021
7344192
7347986
7348890
7350548
7350776
7351268
7351504
7351631
7352462
7355178
7355229
7356844
7359300
7359865
7360730
7363064
7363473
7363811
7363900
7363938
7365871
7367463
7367818
7367880
7369116
7371896
7372087
7373999
7374241
7374540
7374605
7375056
7375084
7375093
7375100
7375128
7377492
7377896
7377905
7378227
7378795
7379856
7379861
7380600
7381103
7381153
7381286
7381438
7381475
7381702
7385215
7385221
7385240
7385398
7387777
7388863
7389638
7391276
7393207
7393308
7393318
7393569
7395020
7395029
7395039
7395771
7396401
7396530
7396538
7396649
7397392
7398970
7399345
7399639
7403383
7403482
7403502
7406215
7406510
7406915
7406917
7408461
7409410
7410196
7412904
7412952
7415508
7416021
7416026
7416050
7416051
7416054
7416057
7416059
7416090
7416094
7416928
7417661
7417892
7418535
7419698
7424029
7425087
7425287
7425520
7425921
7426775
7428471
7428479
7428480
7428490
7428504
7430003
7430162
7432132
7432296
7434521
7434963
7438664
7438792
7438896
7438913
7439096
7439597
7440179
7441060
7443230
7443700
7445297
7446033
7446303
7448161
7448163
7449838
7451150
7451416
7451428
7451429
7451790
7453139
7455211
7455219
7456135
7456884
7456888
7456987
7457077
7458439
7458511
7462432
7463942
7465457
7465633
7466835
7468386
7468468
7469779
7469802
7469823
7469830
7471903
7472187
7472214
7472888
7472904
7472906
7473423
7473560
7473962
7473971
7475652
7475696
7476068
7476763
7477334
7477335
7479290
7479303
7481390
7481778
7483667
7485420
7485650
7485745
7487274
7487416
7487866
7489040
7490590
7490837
7490914
7491145
7493665
7493680
7493988
7494675
7495114
7498611
7499173
7499295
7500081
7500182
7501693
7501852
7501865
7502830
7502837
7502842
7506052
7506156
7506188
7507466
7507705
7508465
7509081
7509111
7509231
7509458
7509800
7511410
7511724
7511745
7511868
7511882
7511887
7512006
7515839
7516206
7517829
7518069
7518190
7518235
7518236
7519361
7520431
7522268
7522394
7522714
7522851
7523084
7523366
7525045
7525302
7527240
7527596
7527607
7527900
7528075
7530004
7530292
7530748
7531545
7533550
7533640
7534145
7536204
7538242
7539151
7539836
7540889
7541847
7541958
7542439
7543936
7543937
7543941
7544708
7544754
7545617
7545855
7546321
7546895
7546905
7547086
7548987
7548991
7550687
7550714
7551257
7553022
7554345
7555068
7555084
7555088
7559246
7559624
7559640
7560839
7561423
7562935
7563151
7563756
7565338
7567102
7567983
7568140
7568799
7569470
7572327
7572341
7573128
7573348
7573354
7573621
7573667
7574215
7574434
7575198
7576566
7576802
7576814
7577605
7578432
7578765
7580186
7581707
7582181
7585694
7586425
7588399
7588803
7591789
7591942
7592757
7595210
7596167
7596331
7599192
7599322
7599883
7603304
7603392
7606869
7608654
7608672
7608673
7610423
7611322
7611695
7611750
7612862
7613191
7614452
7642616
7642867
7643110
7643386
7643388
7643394
7643395
7645287
7645615
7647378
7647379
7649291
7649653
7649771
7652272
7652753
7655963
7656310
7657451
7657454
7657457
7658399
7660039
7661527
7661887
7662091
7662113
7663221
7664275
7666350
7666620
7667047
7667361
7668216
7669264
7669505
7669903
7670044
7670067
7670634
7670644
7670645
7670650
7672795
7673477
7674350
7674834
7674924
7674930
7676717
7677232
7679381
7681174
7682010
7684719
7685197
7685428
7686764
7687999
7689031
7689043
7689411
7689771
7690170
7691246
7691726
7693094
7693447
7693553
7693576
7693621
7693624
7693631
7695184
7695698
7695965
7696273
7702236
7705100
7707547
7708449
7708928
7708956
7710517
7710811
7710896
7710969
7710990
7713359
7714934
7716432
7716799
7716820
7717978
7718881
7719833
7720576
7721226
7721228
7721230
7721231
7721234
7721236
7721237
7721239
7721241
7721243
7721807
7725353
7725750
7725799
7726072
7726325
7726439
7727241
7727366
7727389
7728610
7729009
7732636
7732671
7732822
7732826
7734152
7735971
7736266
7737192
7738430
7744224
7744283
7744462
7744568
7744697
7744880
7745153
7745615
7746800
7746820
7748314
7748913
7749105
7749513
7749517
7749585
7749604
7750447
7750687
7750924
7751325
7752922
7753056
7756088
7758211
7758419
7758505
7758977
7759204
7759205
7759206
7759208
7759401
7759590
7759668
7760331
7761916
7762505
7762811
7762843
7767969
7768006
7770959
7771705
7772095
7772142
7772193
7772238
7772572
7773533
7773781
7773817
7775148
7775992
7775998
7775999
7776000
7776004
7776005
7776006
7779323
7779365
7779396
7779477
7779562
7779563
7779587
7781392
7782966
7784298
7785343
7785814
7786040
7786205
7789231
7794005
7794287
7798216
7801452
7801701
7803421
7803525
7803954
7804012
7804419
7806850
7808842
7811969
7812596
7813884
7814451
7814751
7814753
7814754
7814757
7814769
7814772
7815525
7815622
7815846
7816233
7816461
7816934
7817568
7817597
7817621
7818403
7818880
7819893
7821103
7821351
7821575
7821579
7821580
7822072
7826297
7826532
7829678
7829967
7829970
7830976
7832406
7835125
7835463
7835842
7836232
7836234
7838254
7838677
7838765
7840259
7840726
7842067
7842266
7843440
7843466
7843545
7843565
7844088
7845526
7847901
7847968
7848231
7848765
7848820
7850567
7851842
7853499
7854541
7854619
7856636
7856638
7856639
7856645
7856649
7856651
7857581
7859100
7859281
7859407
7859438
7859805
7862288
7862305
7862649
7863325
7864939
7867550
7868384
7869094
7869099
7871792
7872768
7873197
7873952
7874076
7874235
7875363
7875881
7876070
7877466
7877476
7878053
7878866
7879449
7880987
7881019
7882153
7882161
7882164
7882165
7882180
7882502
7884604
7886792
7887639
7889502
7890222
7890238
7890259
7890357
7892559
7892767
7893090
7893510
7893772
7895836
7895841
7896216
7896697
7898449
7899064
7899322
7900488
7901076
7901489
7901965
7902003
7902065
7902797
7903004
7903062
7903137
7903321
7904817
7905225
7905591
7906351
7906968
7907898
7910521
7911420
7911688
7913329
7915060
7917298
7918676
7919670
7920722
7920995
7921321
7921325
7921457
7921728
7922957
7925618
7925832
7925883
7927289
7927291
7927292
7927293
7927295
7927301
7927302
7927307
7927308
7928334
7928375
7928384
7929978
7929989
7930173
7930183
7930634
7930883
7930913
7933165
7933420
7933450
7935065
7936696
7936959
7941046
7941256
7943359
7943364
7943366
7943369
7943870
7944321
7946662
7952207
7952452
7952627
7952868
7953055
7955844
7956962
7957933
7959215
7959336
7959837
7960059
7960938
7961038
7967023
7969530
7971046
7971531
7973008
7973271
7974323
7977301
7977480
7978125
7978137
7978337
7981300
7981307
7981326
7982371
7982814
7982864
7985085
7987662
7987921
7989009
7989050
7990065
7990066
7990067
7990071
7990072
7991098
7992039
7993730
7994216
7994340
7994689
7994690
7994694
7994704
7998905
8000089
8000879
8003221
8003996
8004913
8005138
8005696
8005702
8006280
8007769
8010248
8010627
8010650
8012496
8012764
8013735
8015493
8017158
8018769
8018883
8018944
8019799
8019812
8021693
8024683
8024770
8024773
8024914
8025655
8026031
8026217
8026251
8026345
8026346
8027452
8028086
8028179
8028241
8032213
8032591
8032601
8032776
8032940
8032987
8034744
8035429
8035440
8035461
8035470
8036179
8036207
8036397
8039853
8044313
8044966
8044997
8045031
8046036
8046048
8046054
8046060
8046062
8046141
8046805
8046910
8047070
8047143
8048057
8048641
8049294
8050264
8050852
8052685
8053196
8056797
8057374
8057470
8057509
8059487
8059492
8060483
8061737
8062334
8062355
8062506
8062740
8064775
8065419
8068701
8069225
8072619
8075091
8075355
8075404
8076543
8079404
8079439
8079625
8079630
8079658
8079712
8079815
8080071
8082384
8084976
8085333
8088358
8088816
8090767
8090781
8090787
8090840
8093433
8093817
8094334
8094992
8095089
8095711
8096430
8096456
8096549
8096730
8099826
8100688
8101966
8102620
8102627
8103021
8104007
8104963
8106846
8107785
8109133
8109266
8111335
8111920
8113012
8113248
8113462
8113515
8113597
8115666
8116510
8117101
8119280
8119286
8119802
8119824
8119826
8119860
8119871
8120105
8120906
8121565
8121885
8127154
8127156
8127399
8127836
8129495
8129561
8130123
8130203
8131898
8132184
8134957
8137842
8138087
8138250
8138331
8138918
8139517
8143206
8144345
8144551
8146019
8146460
8148467
8149589
8150258
8150553
8150994
8152828
8152830
8152834
8152835
8152844
8152848
8152856
8152868
8152871
8152892
8152898
8152900
8153184
8154462
8155504
8157607
8158210
8159649
8159858
8160303
8161429
8163792
8164857
8165539
8166120
8166311
8166909
8167276
8167968
8168467
8170898
8172304
8174049
8175277
8175663
8175797
8176119
8176146
8180846
8186241
8187253
8187392
8187583
8187680
8192216
8193040
8193510
8193512
8193520
8193521
8193533
8193539
8193721
8195652
8195899
8196260
8196262
8196988
8202596
8203188
8203345
8203543
8203805
8206209
8208881
8209034
8209061
8209212
8209514
8210850
8211216
8212833
8214579
8214872
8215122
8215264
8215599
8215659
8215965
8216203
8217547
8218076
8218241
8219918
8220135
8220401
8221338
8222619
8226248
8226532
8227823
8228257
8228527
8230805
8232236
8233387
8233416
8236029
8236041
8236045
8236713
8236862
8236945
8237289
8237657
8237718
8240196
8241439
8241773
8242202
8244645
8244967
8245688
8246755
8247760
8247769
8248344
8248357
8248670
8249884
8249888
8249890
8249891
8249892
8249894
8249895
8254416
8258440
8259263
8259266
8259289
8260614
8261065
8261303
8263876
8267862
8267913
8268264
8274340
8275647
8275999
8276458
8277796
8278207
8279071
8280218
8280319
8280755
8281268
8281314
8282212
8282840
8284389
8284879
8286104
8286228
8287201
8287584
8287987
8288082
8288083
8288087
8288088
8288099
8289738
8289860
8290343
8290839
8291150
8291268
8293792
8294667
8295253
8295361
8295536
8297163
8299339
8301610
8301890
8302647
8302749
8303916
8306575
8313694
8315150
8315277
8316979
8317644
8318202
8319239
8319358
8320285
8321645
8321745
8322980
8323657
8325270
8326338
8326368
8327959
8328277
8329352
8329380
8329664
8330842
8333318
8333331
8333697
8334552
8335153
8336636
8336692
8336937
8339076
8341587
8341642
8341904
8342521
8342925
8342928
8344374
8350031
8350339
8351398
8351752
8352914
8353731
8354716
8354930
8355157
8355430
8355471
8356983
8356988
8357001
8357002
8357824
8358372
8360733
8361122
8361856
8363005
8364979
8366956
8368207
8369471
8369572
8369927
8369943
8370045
8371886
8372400
8375680
8376472
8376684
8377275
8377830
8378081
8378794
8378805
8379217
8379545
8379626
8379646
8382529
8382912
8382957
8384163
8384177
8384810
8385059
8385067
8385116
8386467
8386837
8390770
8390946
8392684
8393360
8394217
8396887
8397119
8397610
8403753
8405642
8405840
8405911
8405913
8405953
8410521
8410522
8410527
8410528
8410540
8410562
8410574
8410580
8410985
8411230
8412184
8412372
8413163
8413196
8413209
8413220
8413759
8413760
8413769
8413771
8413787
8413803
8413807
8413887
8414185
8414537
8414685
8414996
8414999
8415569
8415752
8415783
8415788
8416068
8416237
8417257
8417590
8417797
8419258
8419294
8419331
8419460
8421698
8421705
8422162
8423236
8424013
8427063
8427518
8429001
8429380
8429816
8432944
8433283
8435625
8435665
8435861
8438290
8438295
8439390
8439978
8440591
8441019
8442598
8443365
8443466
8446277
8446353
8447504
8448712
8449096
8449099
8449104
8449110
8449113
8449115
8449116
8450202
8451880
8452307
8452380
8455857
8455933
8456749
8457564
8458622
8458640
8458961
8459017
8459240
8459611
8460640
8460772
8461100
8461333
8462460
8462973
8463837
8464598
8466479
8466623
8468102
8468173
8471665
8472320
8473745
8473769
8475781
8476348
8476857
8477670
8481585
8481633
8481911
8483277
8483278
8483279
8484524
8486093
8490784
8492928
8492994
8493300
8495173
8495532
8497057
8498462
8500876
8502874
8503577
8503862
8503903
8505285
8505455
8505497
8505539
8506644
8509954
8511510
8513975
8514188
8514672
8515297
8516744
8516745
8517178
8517223
8517525
8517928
8517932
8518120
8518299
8519848
8519858
8519860
8519873
8519880
8521095
8523683
8523882
8525543
8526158
8526554
8526757
8526795
8527045
8528693
8528710
8528711
8529279
8529991
8530400
8531266
8531391
8531440
8533078
8533793
8534020
8534220
8542033
8542047
8542322
8542772
8543254
8543264
8544331
8545809
8546162
8548365
8548369
8548428
8548582
8550949
8551386
8551593
8551695
8551919
8552029
8552869
8553174
8553334
8553530
8555254
8556613
8557004
8558260
8558508
8558548
8558818
8559457
8559483
8559489
8559501
8559514
8561439
8562046
8564184
8564766
8565005
8565294
8566670
8566838
8567167
8568270
8569140
8571566
8572121
8572938
8573136
8573207
8575058
8577043
8577044
8578056
8578723
8580696
8584580
8585064
8585748
8585844
8585980
8586526
8586935
8589643
8589810
8589974
8592411
8593020
8594961
8595246
8595306
8596915
8596941
8596961
8596969
8596971
8598157
8598242
8599192
8599194
8599674
8600179
8602349
8603840
8606266
8606890
8607164
8608892
8609487
8609496
8610091
8610985
8612467
8612469
8612538
8613220
8613562
8615629
8615726
8615787
8615791
8615846
8615877
8615904
8617189
8626087
8628146
8632519
8633314
8633536
8633735
8633742
8634076
8634082
8634149
8634797
8635046
8635729
8635780
8635858
8636093
8636113
8636132
8636811
8637610
8638205
8638702
8638783
8639013
8639080
8639586
8639725
8640058
8640102
8640363
8641248
8642429
8642545
8643195
8645376
8645564
8648800
8649711
8650813
8651104
8652044
8652367
8653428
8654954
8656425
8656797
8660877
8663636
8664225
8664557
8666416
8667073
8668136
8668439
8668990
8669024
8669134
8669914
8670087
8670096
8670306
8670897
8671790
8672698
8673709
8674438
8674725
8675057
8675419
8677609
8677754
8687546
8687622
8688304
8688399
8688432
8688717
8688988
8690894
8692120
8692267
8693354
8693765
8699060
8699077
8699238
8699569
8699602
8699721
8699822
8702952
8703015
8703136
8703540
8705776
8706548
8707613
8709581
8710777
8711807
8712565
8712652
8713883
8714019
8714656
8714998
8715032
8715087
8716545
8716555
8716762
8717032
8717059
8717062
8717064
8717427
8718871
8718906
8720186
8720190
8720193
8720198
8720872
8721204
8721296
8724947
8725707
8728591
8739049
8739892
8740316
8740448
8741406
8741619
8741989
8744879
8744903
8748429
8748957
8749448
8751379
8751629
8752324
8752962
8752965
8753344
8754385
8754605
8754678
8754808
8755708
8755709
8755760
8760243
8762169
8764470
8764475
8764488
8764589
8766797
8766814
8770425
8770773
8770833
8772081
8773921
8773965
8774207
8774251
8776336
8777079
8777223
8779446
8781326
8782859
8784770
8784820
8784878
8785065
8785631
8785636
8785639
8785641
8785646
8785660
8786954
8787596
8788585
8789684
8789785
8789908
8790475
8791726
8791738
8791867
8793339
8795074
8796998
8799706
8800133
8801494
8802752
8803449
8803542
8804928
8805267
8805588
8808241
8808980
8810806
8811206
8811375
8812718
8812963
8813041
8814017
8814632
8815060
8819935
8820653
8822058
8824509
8824585
8825403
8825637
8828077
8828503
8830089
8830329
8831745
8831882
8832547
8832877
8833229
8837580
8837587
8837595
8841593
8843836
8844611
8844842
8847389
8847745
8847903
8847905
8847906
8847907
8850244
8850747
8851037
8851385
8851472
8855138
8856913
8857499
8858977
8859003
8859259
8859266
8860193
8860803
8860804
8861450
8861823
8862392
8863239
8863287
8863739
8863862
8864087
8865143
8865167
8865964
8866328
8866755
8866816
8866933
8867082
8867179
8868122
8869750
8869855
8870392
8870438
8871713
8873384
8880644
8881635
8881639
8882006
8883844
8884259
8885304
8885704
8885913
8886646
8886660
8886665
8888333
8888831
8888836
8888878
8889068
8889944
8889949
8890633
8891607
8891708
8891942
8892006
8892163
8893127
8893203
8894202
8895376
8896555
8896812
8897602
8897706
8898830
8898932
8900534
8901604
8902595
8903486
8904428
8904491
8904567
8905300
8905757
8906790
8906880
8907119
8908102
8908103
8908426
8908446
8914103
8914376
8914460
8915547
8915549
8915847
8918338
8921107
8921471
8921488
8924120
8924587
8924659
8924936
8926075
8927543
8927597
8927720
8928437
8930265
8930791
8930816
8930839
8930963
8931029
8933039
8933247
8933248
8933333
8933564
8933776
8933824
8933921
8935187
8935193
8935199
8938275
8938797
8939405
8941086
8943427
8945989
8946158
8946485
8946655
8946691
8946836
8949159
8950000
8957082
8957120
8957795
8957945
8957969
8958111
8959121
8959148
8959375
8960642
8960737
8960838
8960998
8961434
8961435
8962742
8963788
8964230
8964457
8964485
8966482
8966694
8967369
8968570
8969848
8969862
8971659
8972204
8972241
8972312
8972573
8973008
8973270
8973415
8975249
8977647
8979908
8980265
8980501
8981435
8983641
8984499
8986542
8986852
8986988
8987020
8987111
8987426
8987928
8987939
8989213
8989955
8990232
8990841
8993853
8995473
8995705
8995770
8995774
8996347
8996348
8996351
8996356
8997223
8997234
8999724
9001100
9002172
9002567
9003981
9004459
9005327
9007321
9008369
9009333
9009929
9010026
9010331
9010387
9010667
9011058
9013796
9014124
9014451
9015002
9015007
9018636
9019060
9019580
9019834
9021303
9021612
9021891
9022633
9024080
9027305
9027334
9027809
9028525
9028620
9029819
9037746
9037891
9039206
9039209
9039223
9039311
9046293
9047045
9047772
9047823
9047857
9048018
9048677
9050296
9050651
9051366
9051398
9051506
9054652
9057095
9057097
9057098
9057103
9057106
9059152
9059616
9062178
9062230
9062593
9070301
9070353
9071415
9071417
9071419
9072664
9077435
9078025
9079214
9080647
9081814
9082268
9082296
9082679
9082947
9083321
9083329
9084229
9084428
9086967
9087040
9087834
9090962
9092973
9094401
9094684
9094708
9095465
9095551
9095553
9095719
9098424
9098468
9098714
9099291
9100949
9102375
9105079
9106817
9107404
9107416
9107428
9107429
9108233
9108289
9108669
9109957
9110343
9110481
9110519
9111206
9112018
9112051
9112098
9112423
9114123
9114775
9116640
9118101
9118162
9118504
9120361
9120436
9120527
9120549
9120556
9120561
9120562
9120564
9120590
9120726
9120884
9121119
9121130
9121914
9122256
9123269
9123271
9124803
9124829
9124865
9124897
9125162
9125177
9125784
9126373
9127056
9129055
9129093
9130958
9133449
9135140
9136332
9137506
9137599
9139067
9139798
9139890
9140211
9145508
9148579
9148620
9148994
9149083
9149597
9150031
9152958
9157302
9157645
9158182
9158303
9160196
9160326
9160336
9160973
9161636
9161641
9162944
9163068
9164203
9164547
9167815
9168135
9169056
9170720
9171137
9172282
9173759
9175025
9177137
9177212
9177949
9178487
9179179
9182256
9184427
9184677
9185797
9187430
9187556
9187646
9188388
9188969
9189037
9189038
9189079
9189080
9189188
9189200
9189381
9190756
9190757
9191342
9191382
9194654
9194955
9195620
9195868
9196149
9197452
9197764
9198034
9199967
9201098
9201242
9201520
9201570
9201996
9202476
9202847
9202930
9203491
9203582
9203735
9204185
9204219
9204483
9205637
9206020
9206023
9207237
9207350
9207395
9207409
9207674
9207995
9213601
9216345
9218780
9218902
9219350
9221370
9226432
9226473
9226575
9226794
9226821
9226846
9230060
9230559
9231743
9232421
9233268
9233514
9234261
9237627
9240203
9240384
9240811
9243063
9243079
9245544
9247418
9247427
9247578
9248301
9248302
9248303
9248307
9248313
9248322
9248853
9249853
9249946
9250298
9250299
9250300
9250301
9250304
9250649
9250803
9253267
9253380
9254315
9256957
9259386
9259856
9259857
9259934
9259968
9261083
9261104
9261172
9262048
9263080
9263397
9263555
9265250
9270980
9271316
9271564
9271612
9271668
9271695
9271740
9271794
9271906
9273905
9273908
9274169
9275123
9275761
9276732
9277055
9277509
9278750
9279212
9279240
9279323
9279663
9279701
9279810
9280356
9281445
9285045
9285350
9286520
9286553
9288360
9288811
9289146
9290492
9290561
9290874
9291791
9291804
9291819
9293828
9293874
9294025
9294296
9294297
9294305
9294344
9295234
9295451
9298728
9298748
9299333
9299364
9300901
9301187
9301231
9301254
9302198
9302233
9303475
9303560
9304714
9304834
9305298
9306474
9306840
9308012
9308536
9309357
9309479
9311233
9312291
9313074
9313188
9313198
9313214
9313357
9313376
9321563
9322267
9325834
9326045
9326164
9326226
9326236
9326262
9326632
9326674
9329512
9334601
9334680
9334807
9334823
9335195
9336220
9338357
9340103
9340106
9340108
9340667
9340779
9343171
9343997
9344052
9344055
9344083
9346127
9348572
9352882
9352890
9353050
9353948
9354054
9354394
9354585
9354924
9354990
9355478
9356152
9356738
9357996
9358216
9358280
9359206
9359529
9361853
9363408
9363547
9363766
9363778
9364835
9364925
9364934
9365093
9366353
9366470
9366741
9367056
9369006
9371272
9371609
9372177
9372337
9372770
9373901
9374132
9374136
9374878
9374885
9374887
9374892
9376259
9376359
9376875
9377533
9377543
9378704
9380182
9381807
9381815
9382119
9386041
9388938
9389163
9389209
9389410
9390771
9390858
9391365
9391942
9392530
9392536
9392540
9392726
9395433
9395929
9397708
9399102
9400811
9403141
9403534
9403766
9403835
9404714
9405669
9405716
9406059
9406102
9406292
9410164
9410353
9411937
9412736
9413152
9413840
9416062
9418102
9419397
9421431
9421432
9421459
9421497
9421528
9424229
9425908
9426343
9426458
9428286
9428556
9428662
9431906
9433545
9433847
9434016
9434128
9434315
9435003
9435004
9435010
9436003
9437087
9437238
9437330
9440588
9440808
9441575
9441598
9442927
9443082
9444322
9448251
9448559
9448791
9448958
9450012
9450424
9452648
9453152
9453298
9453650
9454014
9454805
9454948
9458571
9458713
9459116
9459225
9459312
9462398
9462436
9463803
9467868
9467894
9467986
9468168
9468576
9469737
9470941
9471004
9471141
9472068
9472396
9474876
9474923
9475066
9475067
9475213
9475306
9476625
9476846
9477011
9477102
9477418
9478601
9479661
9480881
9480935
9485226
9485869
9485908
9486104
9486164
9489293
9489844
9490403
9491282
9491291
9491293
9491648
9492864
9493114
9496677
9496704
9496823
9496862
9496919
9496932
9497208
9497797
9508096
9509160
9509386
9510714
9512810
9513175
9513369
9513600
9515135
9515315
9518904
9519481
9519637
9519998
9520616
9521236
9522711
9522769
9522794
9524021
9524247
9524478
9525011
9527060
9527468
9527472
9528018
9528789
9528897
9528898
9529483
9530355
9530449
9530582
9531796
9532385
9532555
9533063
9535581
9537350
9538327
9539665
9540248
9540390
9540477
9541950
9543727
9543905
9544738
9545676
9547062
9547213
9548384
9548618
9549145
9550600
9552355
9552970
9553934
9554534
9555180
9556419
9556524
9556654
9556937
9557749
9561418
9561861
9563234
9563619
9565712
9566834
9568912
9570671
9573872
9573939
9575596
9575616
9575657
9576861
9577327
9577612
9578291
9578602
9578989
9581239
9581283
9581832
9581855
9581858
9582359
9582363
9582366
9582368
9582370
9582373
9582377
9582757
9583256
9583913
9584650
9584695
9586296
9587997
9588123
9588977
9589053
9592236
9593212
9597461
9597483
9597646
9599090
9599506
9599620
9599805
9599811
9599837
9599849
9604010
9605026
9606118
9606252
9606579
9606586
9606803
9608187
9608371
9616258
9616269
9618477
9618498
9618505
9618656
9618767
9618865
9622519
9622585
9623178
9624281
9626830
9626994
9627037
9627041
9627383
9627982
9629468
9629469
9630440
9630591
9630600
9630740
9633765
9634173
9636057
9636959
9637203
9637563
9637825
9640308
9640636
9643675
9643776
9644581
9645605
9645655
9646732
9648927
9649856
9650205
9650886
9650924
9651959
9653340
9653364
9653476
9654550
9656226
9659950
9663339
9666540
9667024
9668595
9668601
9668608
9668618
9668631
9668633
9668634
9668639
9668650
9668651
9668661
9668662
9668667
9668673
9669417
9669427
9671032
9672081
9674035
9674153
9676357
9677126
9678255
9681218
9681681
9682136
9682317
9684092
9685282
9685621
9686287
9687564
9688373
9688398
9688785
9688787
9691772
9693717
9694608
9695733
9700368
9703788
9704667
9704775
9704781
9704782
9704788
9704792
9705315
9706182
9708641
9710058
9712324
9712354
9712734
9713233
9714423
9714818
9714910
9717534
9719558
9719977
9720187
9721615
9722319
9722753
9723135
9723406
9724347
9726724
9727394
9729227
9729882
9730699
9730815
9732378
9732810
9733724
9733771
9734132
9736420
9738657
9739413
9743052
9743066
9743673
9744200
9744365
9744635
9744813
9745118
9747049
9748090
9748364
9751321
9752003
9752902
9755062
9755233
9755259
9758014
9758154
9763246
9764002
9768430
9772033
9772156
9772282
9772916
9775154
9775232
9775576
9775947
9776362
9776392
9780121
9783428
9783447
9783468
9785149
9787807
9791168
9791171
9792165
9793562
9794435
9795831
9797068
9797690
9797864
9799321
9799965
9800784
9801974
9803168
9803799
9804052
9804178
9804505
9804758
9805254
9805862
9807247
9807254
9807874
9811276
9811801
9812241
9812242
9812244
9813741
9813786
9814486
9816215
9821521
9823553
9824952
9825903
9826890
9827385
9828180
9828253
9828591
9829058
9829572
9830373
9831240
9832372
9834371
9837107
9837605
9837608
9837918
9839680
9840312
9840595
9841167
9841356
9842878
9842890
9842892
9842895
9842901
9842910
9842916
9842917
9842918
9846552
9846631
9846649
9847599
9847615
9848334
9849460
9850204
9851378
9852452
9852837
9853167
9853194
9853379
9853532
9855663
9856282
9856317
9856696
9856826
9857220
9857293
9859350
9859714
9860458
9862486
9864817
9868721
9868881
9869111
9869478
9869678
9870028
9870176
9871135
9871937
9871986
9872542
9872943
9873522
9873529
9873791
9874158
9875062
9875920
9875923
9875926
9875939
9875940
9877025
9877451
9877515
9879494
9879992
9881263
9881660
9883268
9883615
9885179
9886651
9887674
9887727
9889560
9890273
9890457
9890469
9892188
9893784
9894851
9895411
9895446
9896523
9897027
9900453
9903314
9905125
9905723
9907160
9907463
9907631
9909086
9909210
9910278
9911144
9911686
9912742
9918214
9918426
9921230
9921231
9921239
9922713
9922777
9925974
9927518
9927852
9927856
9927857
9929379
9929420
9929859
9932036
9932596
9932907
9932926
9932998
9933514
9934556
9934762
9935859
9936146
9938907
9939614
9939744
9942396
9943548
9944082
9945283
9946707
9947361
9947468
9947534
9948410
9949495
9949497
9949498
9949500
9949501
9949503
9949505
9949570
9949589
9951265
9951615
9953169
9953265
9953873
9954049
9954115
9954170
9954217
9955618
9957843
9958053
9960028
9960797
9969322
9970228
9972814
9974641
9974643
9974833
9976001
9976764
9976881
9976937
9976967
9977372
9977386
9978223
9978531
9980836
9980889
9980894
9983071
9985743
9987124
9987565
9990821
9992430
9992720
9992803
9994169
9995534
9996044
9996060
9997070
9997128
9997162
9997170
9997713
9997873
9998447
9999198
9999361
9999441
